solid MYSOLID created by LDView, original data in 004158e.dat
  facet normal 0.000000 0.000000 0.000000
    outer loop
      vertex -0.177600 -0.010000 0.590000
      vertex -0.177600 -0.010000 0.177600
      vertex 0.177600 -0.010000 0.177600
    endloop
  endfacet
  facet normal 0.000000 0.000000 0.000000
    outer loop
      vertex -0.177600 -0.010000 0.590000
      vertex 0.177600 -0.010000 0.177600
      vertex 0.177600 -0.010000 0.590000
    endloop
  endfacet
  facet normal 0.000000 0.000000 0.000000
    outer loop
      vertex -0.177600 -0.010000 0.177600
      vertex -0.590000 -0.010000 0.177600
      vertex -0.590000 -0.010000 -0.177600
    endloop
  endfacet
  facet normal 0.000000 0.000000 0.000000
    outer loop
      vertex -0.177600 -0.010000 0.177600
      vertex -0.590000 -0.010000 -0.177600
      vertex -0.177600 -0.010000 -0.177600
    endloop
  endfacet
  facet normal 0.000000 0.000000 0.000000
    outer loop
      vertex 0.177600 -0.010000 0.177600
      vertex -0.177600 -0.010000 0.177600
      vertex -0.177600 -0.010000 -0.177600
    endloop
  endfacet
  facet normal 0.000000 0.000000 0.000000
    outer loop
      vertex 0.177600 -0.010000 0.177600
      vertex -0.177600 -0.010000 -0.177600
      vertex 0.177600 -0.010000 -0.177600
    endloop
  endfacet
  facet normal 0.000000 0.000000 0.000000
    outer loop
      vertex 0.590000 -0.010000 0.177600
      vertex 0.177600 -0.010000 0.177600
      vertex 0.177600 -0.010000 -0.177600
    endloop
  endfacet
  facet normal 0.000000 0.000000 0.000000
    outer loop
      vertex 0.590000 -0.010000 0.177600
      vertex 0.177600 -0.010000 -0.177600
      vertex 0.590000 -0.010000 -0.177600
    endloop
  endfacet
  facet normal 0.000000 0.000000 0.000000
    outer loop
      vertex 0.177600 -0.010000 -0.177600
      vertex -0.177600 -0.010000 -0.177600
      vertex -0.177600 -0.010000 -0.590000
    endloop
  endfacet
  facet normal 0.000000 0.000000 0.000000
    outer loop
      vertex 0.177600 -0.010000 -0.177600
      vertex -0.177600 -0.010000 -0.590000
      vertex 0.177600 -0.010000 -0.590000
    endloop
  endfacet
  facet normal 0.000000 0.000000 0.000000
    outer loop
      vertex -0.177600 -0.010000 0.590000
      vertex 0.177600 -0.010000 0.590000
      vertex 1.200000 -0.010000 0.960000
    endloop
  endfacet
  facet normal 0.000000 0.000000 0.000000
    outer loop
      vertex -0.177600 -0.010000 0.590000
      vertex 1.200000 -0.010000 0.960000
      vertex -1.200000 -0.010000 0.960000
    endloop
  endfacet
  facet normal 0.000000 0.000000 0.000000
    outer loop
      vertex 0.177600 -0.010000 0.177600
      vertex 0.590000 -0.010000 0.177600
      vertex 1.200000 -0.010000 0.960000
    endloop
  endfacet
  facet normal 0.000000 0.000000 0.000000
    outer loop
      vertex 0.177600 -0.010000 0.177600
      vertex 1.200000 -0.010000 0.960000
      vertex 0.177600 -0.010000 0.590000
    endloop
  endfacet
  facet normal 0.000000 0.000000 0.000000
    outer loop
      vertex 1.200000 -0.010000 0.960000
      vertex 0.590000 -0.010000 0.177600
      vertex 0.590000 -0.010000 -0.177600
    endloop
  endfacet
  facet normal 0.000000 0.000000 0.000000
    outer loop
      vertex 1.200000 -0.010000 0.960000
      vertex 0.590000 -0.010000 -0.177600
      vertex 1.200000 -0.010000 -0.960000
    endloop
  endfacet
  facet normal 0.000000 0.000000 0.000000
    outer loop
      vertex 0.177600 -0.010000 -0.177600
      vertex 0.177600 -0.010000 -0.590000
      vertex 1.200000 -0.010000 -0.960000
    endloop
  endfacet
  facet normal 0.000000 0.000000 0.000000
    outer loop
      vertex 0.177600 -0.010000 -0.177600
      vertex 1.200000 -0.010000 -0.960000
      vertex 0.590000 -0.010000 -0.177600
    endloop
  endfacet
  facet normal 0.000000 0.000000 0.000000
    outer loop
      vertex 0.177600 -0.010000 -0.590000
      vertex -0.177600 -0.010000 -0.590000
      vertex -1.200000 -0.010000 -0.960000
    endloop
  endfacet
  facet normal 0.000000 0.000000 0.000000
    outer loop
      vertex 0.177600 -0.010000 -0.590000
      vertex -1.200000 -0.010000 -0.960000
      vertex 1.200000 -0.010000 -0.960000
    endloop
  endfacet
  facet normal 0.000000 0.000000 0.000000
    outer loop
      vertex -0.177600 -0.010000 -0.177600
      vertex -0.590000 -0.010000 -0.177600
      vertex -1.200000 -0.010000 -0.960000
    endloop
  endfacet
  facet normal 0.000000 0.000000 0.000000
    outer loop
      vertex -0.177600 -0.010000 -0.177600
      vertex -1.200000 -0.010000 -0.960000
      vertex -0.177600 -0.010000 -0.590000
    endloop
  endfacet
  facet normal 0.000000 0.000000 0.000000
    outer loop
      vertex -0.590000 -0.010000 -0.177600
      vertex -0.590000 -0.010000 0.177600
      vertex -1.200000 -0.010000 0.960000
    endloop
  endfacet
  facet normal 0.000000 0.000000 0.000000
    outer loop
      vertex -0.590000 -0.010000 -0.177600
      vertex -1.200000 -0.010000 0.960000
      vertex -1.200000 -0.010000 -0.960000
    endloop
  endfacet
  facet normal 0.000000 0.000000 0.000000
    outer loop
      vertex -0.177600 -0.010000 0.177600
      vertex -0.177600 -0.010000 0.590000
      vertex -1.200000 -0.010000 0.960000
    endloop
  endfacet
  facet normal 0.000000 0.000000 0.000000
    outer loop
      vertex -0.177600 -0.010000 0.177600
      vertex -1.200000 -0.010000 0.960000
      vertex -0.590000 -0.010000 0.177600
    endloop
  endfacet
  facet normal 0.000000 0.000000 0.000000
    outer loop
      vertex 1.200000 0.000000 0.960000
      vertex 1.200000 0.000000 -0.960000
      vertex -1.200000 0.000000 -0.960000
    endloop
  endfacet
  facet normal 0.000000 0.000000 0.000000
    outer loop
      vertex 1.200000 0.000000 0.960000
      vertex -1.200000 0.000000 -0.960000
      vertex -1.200000 0.000000 0.960000
    endloop
  endfacet
  facet normal 0.000000 0.000000 0.000000
    outer loop
      vertex -1.200000 -0.010000 0.960000
      vertex 1.200000 -0.010000 0.960000
      vertex 1.200000 0.000000 0.960000
    endloop
  endfacet
  facet normal 0.000000 0.000000 0.000000
    outer loop
      vertex -1.200000 -0.010000 0.960000
      vertex 1.200000 0.000000 0.960000
      vertex -1.200000 0.000000 0.960000
    endloop
  endfacet
  facet normal 0.000000 0.000000 0.000000
    outer loop
      vertex -1.200000 -0.010000 -0.960000
      vertex -1.200000 -0.010000 0.960000
      vertex -1.200000 0.000000 0.960000
    endloop
  endfacet
  facet normal 0.000000 0.000000 0.000000
    outer loop
      vertex -1.200000 -0.010000 -0.960000
      vertex -1.200000 0.000000 0.960000
      vertex -1.200000 0.000000 -0.960000
    endloop
  endfacet
  facet normal 0.000000 0.000000 0.000000
    outer loop
      vertex 1.200000 -0.010000 -0.960000
      vertex -1.200000 -0.010000 -0.960000
      vertex -1.200000 0.000000 -0.960000
    endloop
  endfacet
  facet normal 0.000000 0.000000 0.000000
    outer loop
      vertex 1.200000 -0.010000 -0.960000
      vertex -1.200000 0.000000 -0.960000
      vertex 1.200000 0.000000 -0.960000
    endloop
  endfacet
  facet normal 0.000000 0.000000 0.000000
    outer loop
      vertex 1.200000 -0.010000 0.960000
      vertex 1.200000 -0.010000 -0.960000
      vertex 1.200000 0.000000 -0.960000
    endloop
  endfacet
  facet normal 0.000000 0.000000 0.000000
    outer loop
      vertex 1.200000 -0.010000 0.960000
      vertex 1.200000 0.000000 -0.960000
      vertex 1.200000 0.000000 0.960000
    endloop
  endfacet
endsolid MYSOLID
