solid MYSOLID created by LDView, original data in 2641.dat
  facet normal 0.000000 0.000000 0.000000
    outer loop
      vertex 5.908152 11.520000 5.421736
      vertex 5.830296 11.520000 5.369704
      vertex 5.769600 11.520000 5.430400
    endloop
  endfacet
  facet normal 0.000000 0.000000 0.000000
    outer loop
      vertex 5.830296 11.520000 5.369704
      vertex 5.778264 11.520000 5.291848
      vertex 5.769600 11.520000 5.430400
    endloop
  endfacet
  facet normal 0.000000 0.000000 0.000000
    outer loop
      vertex 5.429200 11.520000 4.920000
      vertex 5.365600 11.520000 4.800000
      vertex 5.252400 11.520000 4.913200
    endloop
  endfacet
  facet normal 0.000000 0.000000 0.000000
    outer loop
      vertex 5.421736 11.520000 5.908152
      vertex 5.369704 11.520000 5.830296
      vertex 5.430400 11.520000 5.769600
    endloop
  endfacet
  facet normal 0.000000 0.000000 0.000000
    outer loop
      vertex 5.369704 11.520000 5.830296
      vertex 5.291848 11.520000 5.778264
      vertex 5.430400 11.520000 5.769600
    endloop
  endfacet
  facet normal 0.000000 0.000000 0.000000
    outer loop
      vertex 4.920000 11.520000 5.429200
      vertex 4.800000 11.520000 5.365600
      vertex 4.913200 11.520000 5.252400
    endloop
  endfacet
  facet normal 0.000000 0.000000 0.000000
    outer loop
      vertex 6.280000 11.360000 6.280000
      vertex 6.280000 11.360000 5.940800
      vertex 5.940800 11.360000 6.280000
    endloop
  endfacet
  facet normal 0.000000 0.000000 0.000000
    outer loop
      vertex 6.400000 11.200000 6.400000
      vertex 6.400000 11.200000 5.784800
      vertex 5.784800 11.200000 6.400000
    endloop
  endfacet
  facet normal 0.000000 0.000000 0.000000
    outer loop
      vertex 2.019200 0.160000 1.453600
      vertex 1.543600 0.360000 0.978000
      vertex 1.416400 0.320000 0.850800
    endloop
  endfacet
  facet normal 0.000000 0.000000 0.000000
    outer loop
      vertex 2.634400 0.160000 2.295200
      vertex 1.530800 0.480000 1.191600
      vertex 1.430400 0.360000 1.091200
    endloop
  endfacet
  facet normal 0.000000 0.000000 0.000000
    outer loop
      vertex 2.634400 0.160000 2.295200
      vertex 1.430400 0.360000 1.091200
      vertex 1.303200 0.320000 0.964000
    endloop
  endfacet
  facet normal 0.000000 0.000000 0.000000
    outer loop
      vertex 1.453600 0.160000 2.019200
      vertex 0.978000 0.360000 1.543600
      vertex 0.850800 0.320000 1.416400
    endloop
  endfacet
  facet normal 0.000000 0.000000 0.000000
    outer loop
      vertex 2.295200 0.160000 2.634400
      vertex 1.191600 0.480000 1.530800
      vertex 1.091200 0.360000 1.430400
    endloop
  endfacet
  facet normal 0.000000 0.000000 0.000000
    outer loop
      vertex 2.295200 0.160000 2.634400
      vertex 1.091200 0.360000 1.430400
      vertex 0.964000 0.320000 1.303200
    endloop
  endfacet
  facet normal 0.000000 0.000000 0.000000
    outer loop
      vertex 2.400000 0.000000 0.000000
      vertex 0.000000 0.000000 0.000000
      vertex 0.000000 0.000000 2.400000
    endloop
  endfacet
  facet normal 0.000000 0.000000 0.000000
    outer loop
      vertex 6.280000 11.520000 5.940800
      vertex 6.280000 11.520000 5.770800
      vertex 6.000000 11.520000 5.490800
    endloop
  endfacet
  facet normal 0.000000 0.000000 0.000000
    outer loop
      vertex 6.280000 11.520000 5.940800
      vertex 6.000000 11.520000 5.490800
      vertex 6.000000 11.520000 5.660800
    endloop
  endfacet
  facet normal 0.000000 0.000000 0.000000
    outer loop
      vertex 6.000000 11.520000 5.660800
      vertex 6.000000 11.520000 5.440000
      vertex 5.908152 11.520000 5.421736
    endloop
  endfacet
  facet normal 0.000000 0.000000 0.000000
    outer loop
      vertex 6.000000 11.520000 5.660800
      vertex 5.908152 11.520000 5.421736
      vertex 5.769600 11.520000 5.430400
    endloop
  endfacet
  facet normal 0.000000 0.000000 0.000000
    outer loop
      vertex 5.778264 11.520000 5.291848
      vertex 5.769600 11.520000 5.430400
      vertex 5.539200 11.520000 5.200000
    endloop
  endfacet
  facet normal 0.000000 0.000000 0.000000
    outer loop
      vertex 5.778264 11.520000 5.291848
      vertex 5.539200 11.520000 5.200000
      vertex 5.760000 11.520000 5.200000
    endloop
  endfacet
  facet normal 0.000000 0.000000 0.000000
    outer loop
      vertex 5.709200 11.520000 5.200000
      vertex 5.539200 11.520000 5.200000
      vertex 5.252400 11.520000 4.913200
    endloop
  endfacet
  facet normal 0.000000 0.000000 0.000000
    outer loop
      vertex 5.709200 11.520000 5.200000
      vertex 5.252400 11.520000 4.913200
      vertex 5.429200 11.520000 4.920000
    endloop
  endfacet
  facet normal 0.000000 0.000000 0.000000
    outer loop
      vertex 5.940800 11.520000 6.280000
      vertex 5.770800 11.520000 6.280000
      vertex 5.490800 11.520000 6.000000
    endloop
  endfacet
  facet normal 0.000000 0.000000 0.000000
    outer loop
      vertex 5.940800 11.520000 6.280000
      vertex 5.490800 11.520000 6.000000
      vertex 5.660800 11.520000 6.000000
    endloop
  endfacet
  facet normal 0.000000 0.000000 0.000000
    outer loop
      vertex 5.660800 11.520000 6.000000
      vertex 5.440000 11.520000 6.000000
      vertex 5.421736 11.520000 5.908152
    endloop
  endfacet
  facet normal 0.000000 0.000000 0.000000
    outer loop
      vertex 5.660800 11.520000 6.000000
      vertex 5.421736 11.520000 5.908152
      vertex 5.430400 11.520000 5.769600
    endloop
  endfacet
  facet normal 0.000000 0.000000 0.000000
    outer loop
      vertex 5.291848 11.520000 5.778264
      vertex 5.430400 11.520000 5.769600
      vertex 5.200000 11.520000 5.539200
    endloop
  endfacet
  facet normal 0.000000 0.000000 0.000000
    outer loop
      vertex 5.291848 11.520000 5.778264
      vertex 5.200000 11.520000 5.539200
      vertex 5.200000 11.520000 5.760000
    endloop
  endfacet
  facet normal 0.000000 0.000000 0.000000
    outer loop
      vertex 5.200000 11.520000 5.709200
      vertex 5.200000 11.520000 5.539200
      vertex 4.913200 11.520000 5.252400
    endloop
  endfacet
  facet normal 0.000000 0.000000 0.000000
    outer loop
      vertex 5.200000 11.520000 5.709200
      vertex 4.913200 11.520000 5.252400
      vertex 4.920000 11.520000 5.429200
    endloop
  endfacet
  facet normal 0.000000 0.000000 0.000000
    outer loop
      vertex 6.400000 11.520000 6.400000
      vertex 6.400000 11.520000 4.800000
      vertex 6.280000 11.520000 4.920000
    endloop
  endfacet
  facet normal 0.000000 0.000000 0.000000
    outer loop
      vertex 6.400000 11.520000 6.400000
      vertex 6.280000 11.520000 4.920000
      vertex 6.280000 11.520000 6.280000
    endloop
  endfacet
  facet normal 0.000000 0.000000 0.000000
    outer loop
      vertex 6.400000 11.520000 4.800000
      vertex 5.365600 11.520000 4.800000
      vertex 5.429200 11.520000 4.920000
    endloop
  endfacet
  facet normal 0.000000 0.000000 0.000000
    outer loop
      vertex 6.400000 11.520000 4.800000
      vertex 5.429200 11.520000 4.920000
      vertex 6.280000 11.520000 4.920000
    endloop
  endfacet
  facet normal 0.000000 0.000000 0.000000
    outer loop
      vertex 6.400000 11.520000 6.400000
      vertex 4.800000 11.520000 6.400000
      vertex 4.920000 11.520000 6.280000
    endloop
  endfacet
  facet normal 0.000000 0.000000 0.000000
    outer loop
      vertex 6.400000 11.520000 6.400000
      vertex 4.920000 11.520000 6.280000
      vertex 6.280000 11.520000 6.280000
    endloop
  endfacet
  facet normal 0.000000 0.000000 0.000000
    outer loop
      vertex 4.800000 11.520000 6.400000
      vertex 4.800000 11.520000 5.365600
      vertex 4.920000 11.520000 5.429200
    endloop
  endfacet
  facet normal 0.000000 0.000000 0.000000
    outer loop
      vertex 4.800000 11.520000 6.400000
      vertex 4.920000 11.520000 5.429200
      vertex 4.920000 11.520000 6.280000
    endloop
  endfacet
  facet normal 0.000000 0.000000 0.000000
    outer loop
      vertex 6.280000 11.520000 5.940800
      vertex 5.252400 11.520000 4.913200
      vertex 5.252400 11.200000 4.913200
    endloop
  endfacet
  facet normal 0.000000 0.000000 0.000000
    outer loop
      vertex 6.280000 11.520000 5.940800
      vertex 5.252400 11.200000 4.913200
      vertex 6.280000 11.360000 5.940800
    endloop
  endfacet
  facet normal 0.000000 0.000000 0.000000
    outer loop
      vertex 5.940800 11.520000 6.280000
      vertex 4.913200 11.520000 5.252400
      vertex 4.913200 11.200000 5.252400
    endloop
  endfacet
  facet normal 0.000000 0.000000 0.000000
    outer loop
      vertex 5.940800 11.520000 6.280000
      vertex 4.913200 11.200000 5.252400
      vertex 5.940800 11.360000 6.280000
    endloop
  endfacet
  facet normal 0.000000 0.000000 0.000000
    outer loop
      vertex 6.280000 11.360000 5.940800
      vertex 5.940800 11.360000 6.280000
      vertex 5.809600 11.360000 6.148800
    endloop
  endfacet
  facet normal 0.000000 0.000000 0.000000
    outer loop
      vertex 6.280000 11.360000 5.940800
      vertex 5.809600 11.360000 6.148800
      vertex 6.148800 11.360000 5.809600
    endloop
  endfacet
  facet normal 0.000000 0.000000 0.000000
    outer loop
      vertex 6.280000 11.520000 5.770800
      vertex 6.000000 11.520000 5.490800
      vertex 6.000000 11.360000 5.490800
    endloop
  endfacet
  facet normal 0.000000 0.000000 0.000000
    outer loop
      vertex 6.280000 11.520000 5.770800
      vertex 6.000000 11.360000 5.490800
      vertex 6.280000 11.360000 5.770800
    endloop
  endfacet
  facet normal 0.000000 0.000000 0.000000
    outer loop
      vertex 5.709200 11.520000 5.200000
      vertex 5.429200 11.520000 4.920000
      vertex 5.429200 11.360000 4.920000
    endloop
  endfacet
  facet normal 0.000000 0.000000 0.000000
    outer loop
      vertex 5.709200 11.520000 5.200000
      vertex 5.429200 11.360000 4.920000
      vertex 5.709200 11.360000 5.200000
    endloop
  endfacet
  facet normal 0.000000 0.000000 0.000000
    outer loop
      vertex 6.280000 11.360000 5.770800
      vertex 6.280000 11.360000 4.920000
      vertex 5.429200 11.360000 4.920000
    endloop
  endfacet
  facet normal 0.000000 0.000000 0.000000
    outer loop
      vertex 6.280000 11.360000 5.770800
      vertex 5.429200 11.360000 4.920000
      vertex 5.800000 11.360000 5.400000
    endloop
  endfacet
  facet normal 0.000000 0.000000 0.000000
    outer loop
      vertex 5.770800 11.520000 6.280000
      vertex 5.490800 11.520000 6.000000
      vertex 5.490800 11.360000 6.000000
    endloop
  endfacet
  facet normal 0.000000 0.000000 0.000000
    outer loop
      vertex 5.770800 11.520000 6.280000
      vertex 5.490800 11.360000 6.000000
      vertex 5.770800 11.360000 6.280000
    endloop
  endfacet
  facet normal 0.000000 0.000000 0.000000
    outer loop
      vertex 5.200000 11.520000 5.709200
      vertex 4.920000 11.520000 5.429200
      vertex 4.920000 11.360000 5.429200
    endloop
  endfacet
  facet normal 0.000000 0.000000 0.000000
    outer loop
      vertex 5.200000 11.520000 5.709200
      vertex 4.920000 11.360000 5.429200
      vertex 5.200000 11.360000 5.709200
    endloop
  endfacet
  facet normal 0.000000 0.000000 0.000000
    outer loop
      vertex 5.770800 11.360000 6.280000
      vertex 4.920000 11.360000 6.280000
      vertex 4.920000 11.360000 5.429200
    endloop
  endfacet
  facet normal 0.000000 0.000000 0.000000
    outer loop
      vertex 5.770800 11.360000 6.280000
      vertex 4.920000 11.360000 5.429200
      vertex 5.400000 11.360000 5.800000
    endloop
  endfacet
  facet normal 0.000000 0.000000 0.000000
    outer loop
      vertex 5.365600 11.520000 4.800000
      vertex 5.252400 11.520000 4.913200
      vertex 5.252400 11.200000 4.913200
    endloop
  endfacet
  facet normal 0.000000 0.000000 0.000000
    outer loop
      vertex 5.365600 11.520000 4.800000
      vertex 5.252400 11.200000 4.913200
      vertex 5.365600 11.200000 4.800000
    endloop
  endfacet
  facet normal 0.000000 0.000000 0.000000
    outer loop
      vertex 4.800000 11.520000 5.365600
      vertex 4.913200 11.520000 5.252400
      vertex 4.913200 11.200000 5.252400
    endloop
  endfacet
  facet normal 0.000000 0.000000 0.000000
    outer loop
      vertex 4.800000 11.520000 5.365600
      vertex 4.913200 11.200000 5.252400
      vertex 4.800000 11.200000 5.365600
    endloop
  endfacet
  facet normal 0.000000 0.000000 0.000000
    outer loop
      vertex 6.400000 11.200000 5.784800
      vertex 6.400000 11.200000 4.800000
      vertex 5.365600 11.200000 4.800000
    endloop
  endfacet
  facet normal 0.000000 0.000000 0.000000
    outer loop
      vertex 6.400000 11.200000 5.784800
      vertex 5.365600 11.200000 4.800000
      vertex 6.375200 11.200000 5.809600
    endloop
  endfacet
  facet normal 0.000000 0.000000 0.000000
    outer loop
      vertex 5.809600 11.200000 6.375200
      vertex 5.784800 11.200000 6.400000
      vertex 4.800000 11.200000 6.400000
    endloop
  endfacet
  facet normal 0.000000 0.000000 0.000000
    outer loop
      vertex 5.809600 11.200000 6.375200
      vertex 4.800000 11.200000 6.400000
      vertex 4.800000 11.200000 5.365600
    endloop
  endfacet
  facet normal 0.000000 0.000000 0.000000
    outer loop
      vertex 5.365600 11.200000 4.800000
      vertex 5.252400 11.200000 4.913200
      vertex 5.130800 7.200000 4.791600
    endloop
  endfacet
  facet normal 0.000000 0.000000 0.000000
    outer loop
      vertex 5.365600 11.200000 4.800000
      vertex 5.130800 7.200000 4.791600
      vertex 5.244000 7.200000 4.678400
    endloop
  endfacet
  facet normal 0.000000 0.000000 0.000000
    outer loop
      vertex 6.148800 11.360000 5.809600
      vertex 5.252400 11.200000 4.913200
      vertex 5.130800 7.200000 4.791600
    endloop
  endfacet
  facet normal 0.000000 0.000000 0.000000
    outer loop
      vertex 6.148800 11.360000 5.809600
      vertex 5.130800 7.200000 4.791600
      vertex 6.148800 6.720000 5.809600
    endloop
  endfacet
  facet normal 0.000000 0.000000 0.000000
    outer loop
      vertex 5.809600 11.360000 6.148800
      vertex 4.913200 11.200000 5.252400
      vertex 4.791600 7.200000 5.130800
    endloop
  endfacet
  facet normal 0.000000 0.000000 0.000000
    outer loop
      vertex 5.809600 11.360000 6.148800
      vertex 4.791600 7.200000 5.130800
      vertex 5.809600 6.720000 6.148800
    endloop
  endfacet
  facet normal 0.000000 0.000000 0.000000
    outer loop
      vertex 4.800000 11.200000 5.365600
      vertex 4.913200 11.200000 5.252400
      vertex 4.791600 7.200000 5.130800
    endloop
  endfacet
  facet normal 0.000000 0.000000 0.000000
    outer loop
      vertex 4.800000 11.200000 5.365600
      vertex 4.791600 7.200000 5.130800
      vertex 4.678400 7.200000 5.244000
    endloop
  endfacet
  facet normal 0.000000 0.000000 0.000000
    outer loop
      vertex 5.244000 7.200000 4.678400
      vertex 5.130800 7.200000 4.791600
      vertex 1.530800 0.480000 1.191600
    endloop
  endfacet
  facet normal 0.000000 0.000000 0.000000
    outer loop
      vertex 5.244000 7.200000 4.678400
      vertex 1.530800 0.480000 1.191600
      vertex 1.644000 0.480000 1.078400
    endloop
  endfacet
  facet normal 0.000000 0.000000 0.000000
    outer loop
      vertex 6.148800 6.720000 5.809600
      vertex 5.130800 7.200000 4.791600
      vertex 1.530800 0.480000 1.191600
    endloop
  endfacet
  facet normal 0.000000 0.000000 0.000000
    outer loop
      vertex 6.148800 6.720000 5.809600
      vertex 1.530800 0.480000 1.191600
      vertex 2.634400 0.160000 2.295200
    endloop
  endfacet
  facet normal 0.000000 0.000000 0.000000
    outer loop
      vertex 6.148800 6.720000 5.809600
      vertex 2.634400 0.160000 2.295200
      vertex 2.295200 0.160000 2.634400
    endloop
  endfacet
  facet normal 0.000000 0.000000 0.000000
    outer loop
      vertex 6.148800 6.720000 5.809600
      vertex 2.295200 0.160000 2.634400
      vertex 5.809600 6.720000 6.148800
    endloop
  endfacet
  facet normal 0.000000 0.000000 0.000000
    outer loop
      vertex 5.809600 6.720000 6.148800
      vertex 4.791600 7.200000 5.130800
      vertex 1.191600 0.480000 1.530800
    endloop
  endfacet
  facet normal 0.000000 0.000000 0.000000
    outer loop
      vertex 5.809600 6.720000 6.148800
      vertex 1.191600 0.480000 1.530800
      vertex 2.295200 0.160000 2.634400
    endloop
  endfacet
  facet normal 0.000000 0.000000 0.000000
    outer loop
      vertex 4.678400 7.200000 5.244000
      vertex 4.791600 7.200000 5.130800
      vertex 1.191600 0.480000 1.530800
    endloop
  endfacet
  facet normal 0.000000 0.000000 0.000000
    outer loop
      vertex 4.678400 7.200000 5.244000
      vertex 1.191600 0.480000 1.530800
      vertex 1.078400 0.480000 1.644000
    endloop
  endfacet
  facet normal 0.000000 0.000000 0.000000
    outer loop
      vertex 6.375200 11.200000 5.809600
      vertex 5.365600 11.200000 4.800000
      vertex 5.244000 7.200000 4.678400
    endloop
  endfacet
  facet normal 0.000000 0.000000 0.000000
    outer loop
      vertex 6.375200 11.200000 5.809600
      vertex 5.244000 7.200000 4.678400
      vertex 6.375200 6.720000 5.809600
    endloop
  endfacet
  facet normal 0.000000 0.000000 0.000000
    outer loop
      vertex 5.809600 11.200000 6.375200
      vertex 4.800000 11.200000 5.365600
      vertex 4.678400 7.200000 5.244000
    endloop
  endfacet
  facet normal 0.000000 0.000000 0.000000
    outer loop
      vertex 5.809600 11.200000 6.375200
      vertex 4.678400 7.200000 5.244000
      vertex 5.809600 6.720000 6.375200
    endloop
  endfacet
  facet normal 0.000000 0.000000 0.000000
    outer loop
      vertex 6.375200 6.720000 5.809600
      vertex 5.244000 7.200000 4.678400
      vertex 1.644000 0.480000 1.078400
    endloop
  endfacet
  facet normal 0.000000 0.000000 0.000000
    outer loop
      vertex 6.375200 6.720000 5.809600
      vertex 1.644000 0.480000 1.078400
      vertex 2.775200 0.000000 2.209600
    endloop
  endfacet
  facet normal 0.000000 0.000000 0.000000
    outer loop
      vertex 6.375200 6.720000 5.809600
      vertex 5.809600 6.720000 6.375200
      vertex 2.209600 0.000000 2.775200
    endloop
  endfacet
  facet normal 0.000000 0.000000 0.000000
    outer loop
      vertex 6.375200 6.720000 5.809600
      vertex 2.209600 0.000000 2.775200
      vertex 2.775200 0.000000 2.209600
    endloop
  endfacet
  facet normal 0.000000 0.000000 0.000000
    outer loop
      vertex 5.809600 6.720000 6.375200
      vertex 4.678400 7.200000 5.244000
      vertex 1.078400 0.480000 1.644000
    endloop
  endfacet
  facet normal 0.000000 0.000000 0.000000
    outer loop
      vertex 5.809600 6.720000 6.375200
      vertex 1.078400 0.480000 1.644000
      vertex 2.209600 0.000000 2.775200
    endloop
  endfacet
  facet normal 0.000000 0.000000 0.000000
    outer loop
      vertex 2.400000 0.320000 1.834400
      vertex 2.400000 0.320000 0.000000
      vertex 2.240000 0.320000 0.160000
    endloop
  endfacet
  facet normal 0.000000 0.000000 0.000000
    outer loop
      vertex 2.400000 0.320000 1.834400
      vertex 2.240000 0.320000 0.160000
      vertex 2.240000 0.320000 1.674400
    endloop
  endfacet
  facet normal 0.000000 0.000000 0.000000
    outer loop
      vertex 2.400000 0.320000 0.000000
      vertex 0.000000 0.320000 0.000000
      vertex 0.160000 0.320000 0.160000
    endloop
  endfacet
  facet normal 0.000000 0.000000 0.000000
    outer loop
      vertex 2.400000 0.320000 0.000000
      vertex 0.160000 0.320000 0.160000
      vertex 2.240000 0.320000 0.160000
    endloop
  endfacet
  facet normal 0.000000 0.000000 0.000000
    outer loop
      vertex 1.834400 0.320000 2.400000
      vertex 0.000000 0.320000 2.400000
      vertex 0.160000 0.320000 2.240000
    endloop
  endfacet
  facet normal 0.000000 0.000000 0.000000
    outer loop
      vertex 1.834400 0.320000 2.400000
      vertex 0.160000 0.320000 2.240000
      vertex 1.674400 0.320000 2.240000
    endloop
  endfacet
  facet normal 0.000000 0.000000 0.000000
    outer loop
      vertex 0.000000 0.320000 2.400000
      vertex 0.000000 0.320000 0.000000
      vertex 0.160000 0.320000 0.160000
    endloop
  endfacet
  facet normal 0.000000 0.000000 0.000000
    outer loop
      vertex 0.000000 0.320000 2.400000
      vertex 0.160000 0.320000 0.160000
      vertex 0.160000 0.320000 2.240000
    endloop
  endfacet
  facet normal 0.000000 0.000000 0.000000
    outer loop
      vertex 2.240000 0.320000 0.640000
      vertex 0.640000 0.320000 0.640000
      vertex 0.800000 0.320000 0.800000
    endloop
  endfacet
  facet normal 0.000000 0.000000 0.000000
    outer loop
      vertex 2.240000 0.320000 0.640000
      vertex 0.800000 0.320000 0.800000
      vertex 2.240000 0.320000 0.800000
    endloop
  endfacet
  facet normal 0.000000 0.000000 0.000000
    outer loop
      vertex 1.680000 0.320000 0.640000
      vertex 1.680000 0.320000 0.160000
      vertex 1.520000 0.320000 0.160000
    endloop
  endfacet
  facet normal 0.000000 0.000000 0.000000
    outer loop
      vertex 1.680000 0.320000 0.640000
      vertex 1.520000 0.320000 0.160000
      vertex 1.520000 0.320000 0.720000
    endloop
  endfacet
  facet normal 0.000000 0.000000 0.000000
    outer loop
      vertex 0.880000 0.320000 0.640000
      vertex 0.880000 0.320000 0.160000
      vertex 0.720000 0.320000 0.160000
    endloop
  endfacet
  facet normal 0.000000 0.000000 0.000000
    outer loop
      vertex 0.880000 0.320000 0.640000
      vertex 0.720000 0.320000 0.160000
      vertex 0.720000 0.320000 0.720000
    endloop
  endfacet
  facet normal 0.000000 0.000000 0.000000
    outer loop
      vertex 0.640000 0.320000 2.240000
      vertex 0.640000 0.320000 0.640000
      vertex 0.800000 0.320000 0.800000
    endloop
  endfacet
  facet normal 0.000000 0.000000 0.000000
    outer loop
      vertex 0.640000 0.320000 2.240000
      vertex 0.800000 0.320000 0.800000
      vertex 0.800000 0.320000 2.240000
    endloop
  endfacet
  facet normal 0.000000 0.000000 0.000000
    outer loop
      vertex 0.640000 0.320000 1.680000
      vertex 0.160000 0.320000 1.680000
      vertex 0.160000 0.320000 1.520000
    endloop
  endfacet
  facet normal 0.000000 0.000000 0.000000
    outer loop
      vertex 0.640000 0.320000 1.680000
      vertex 0.160000 0.320000 1.520000
      vertex 0.720000 0.320000 1.520000
    endloop
  endfacet
  facet normal 0.000000 0.000000 0.000000
    outer loop
      vertex 0.640000 0.320000 0.880000
      vertex 0.160000 0.320000 0.880000
      vertex 0.160000 0.320000 0.720000
    endloop
  endfacet
  facet normal 0.000000 0.000000 0.000000
    outer loop
      vertex 0.640000 0.320000 0.880000
      vertex 0.160000 0.320000 0.720000
      vertex 0.720000 0.320000 0.720000
    endloop
  endfacet
  facet normal 0.000000 0.000000 0.000000
    outer loop
      vertex 1.644000 0.480000 1.078400
      vertex 1.530800 0.480000 1.191600
      vertex 1.430400 0.360000 1.091200
    endloop
  endfacet
  facet normal 0.000000 0.000000 0.000000
    outer loop
      vertex 1.644000 0.480000 1.078400
      vertex 1.430400 0.360000 1.091200
      vertex 1.543600 0.360000 0.978000
    endloop
  endfacet
  facet normal 0.000000 0.000000 0.000000
    outer loop
      vertex 1.543600 0.360000 0.978000
      vertex 1.430400 0.360000 1.091200
      vertex 1.303200 0.320000 0.964000
    endloop
  endfacet
  facet normal 0.000000 0.000000 0.000000
    outer loop
      vertex 1.543600 0.360000 0.978000
      vertex 1.303200 0.320000 0.964000
      vertex 1.416400 0.320000 0.850800
    endloop
  endfacet
  facet normal 0.000000 0.000000 0.000000
    outer loop
      vertex 1.416400 0.320000 0.850800
      vertex 1.303200 0.320000 0.964000
      vertex 1.139200 0.320000 0.800000
    endloop
  endfacet
  facet normal 0.000000 0.000000 0.000000
    outer loop
      vertex 1.416400 0.320000 0.850800
      vertex 1.139200 0.320000 0.800000
      vertex 1.365600 0.320000 0.800000
    endloop
  endfacet
  facet normal 0.000000 0.000000 0.000000
    outer loop
      vertex 1.078400 0.480000 1.644000
      vertex 1.191600 0.480000 1.530800
      vertex 1.091200 0.360000 1.430400
    endloop
  endfacet
  facet normal 0.000000 0.000000 0.000000
    outer loop
      vertex 1.078400 0.480000 1.644000
      vertex 1.091200 0.360000 1.430400
      vertex 0.978000 0.360000 1.543600
    endloop
  endfacet
  facet normal 0.000000 0.000000 0.000000
    outer loop
      vertex 0.978000 0.360000 1.543600
      vertex 1.091200 0.360000 1.430400
      vertex 0.964000 0.320000 1.303200
    endloop
  endfacet
  facet normal 0.000000 0.000000 0.000000
    outer loop
      vertex 0.978000 0.360000 1.543600
      vertex 0.964000 0.320000 1.303200
      vertex 0.850800 0.320000 1.416400
    endloop
  endfacet
  facet normal 0.000000 0.000000 0.000000
    outer loop
      vertex 0.850800 0.320000 1.416400
      vertex 0.964000 0.320000 1.303200
      vertex 0.800000 0.320000 1.139200
    endloop
  endfacet
  facet normal 0.000000 0.000000 0.000000
    outer loop
      vertex 0.850800 0.320000 1.416400
      vertex 0.800000 0.320000 1.139200
      vertex 0.800000 0.320000 1.365600
    endloop
  endfacet
  facet normal 0.000000 0.000000 0.000000
    outer loop
      vertex 2.775200 0.000000 2.209600
      vertex 2.400000 0.000000 1.834400
      vertex 1.543600 0.360000 0.978000
    endloop
  endfacet
  facet normal 0.000000 0.000000 0.000000
    outer loop
      vertex 2.775200 0.000000 2.209600
      vertex 1.543600 0.360000 0.978000
      vertex 1.644000 0.480000 1.078400
    endloop
  endfacet
  facet normal 0.000000 0.000000 0.000000
    outer loop
      vertex 2.019200 0.160000 1.453600
      vertex 1.416400 0.320000 0.850800
      vertex 1.365600 0.320000 0.800000
    endloop
  endfacet
  facet normal 0.000000 0.000000 0.000000
    outer loop
      vertex 2.019200 0.160000 1.453600
      vertex 1.365600 0.320000 0.800000
      vertex 1.365600 0.160000 0.800000
    endloop
  endfacet
  facet normal 0.000000 0.000000 0.000000
    outer loop
      vertex 2.634400 0.160000 2.295200
      vertex 1.303200 0.320000 0.964000
      vertex 1.139200 0.320000 0.800000
    endloop
  endfacet
  facet normal 0.000000 0.000000 0.000000
    outer loop
      vertex 2.634400 0.160000 2.295200
      vertex 1.139200 0.320000 0.800000
      vertex 1.139200 0.160000 0.800000
    endloop
  endfacet
  facet normal 0.000000 0.000000 0.000000
    outer loop
      vertex 2.240000 0.320000 0.800000
      vertex 1.365600 0.320000 0.800000
      vertex 1.365600 0.160000 0.800000
    endloop
  endfacet
  facet normal 0.000000 0.000000 0.000000
    outer loop
      vertex 2.240000 0.320000 0.800000
      vertex 1.365600 0.160000 0.800000
      vertex 2.240000 0.160000 0.800000
    endloop
  endfacet
  facet normal 0.000000 0.000000 0.000000
    outer loop
      vertex 1.520000 0.320000 0.640000
      vertex 0.880000 0.320000 0.640000
      vertex 0.880000 0.160000 0.640000
    endloop
  endfacet
  facet normal 0.000000 0.000000 0.000000
    outer loop
      vertex 1.520000 0.320000 0.640000
      vertex 0.880000 0.160000 0.640000
      vertex 1.520000 0.160000 0.640000
    endloop
  endfacet
  facet normal 0.000000 0.000000 0.000000
    outer loop
      vertex 1.520000 0.320000 0.160000
      vertex 0.880000 0.320000 0.160000
      vertex 0.880000 0.160000 0.160000
    endloop
  endfacet
  facet normal 0.000000 0.000000 0.000000
    outer loop
      vertex 1.520000 0.320000 0.160000
      vertex 0.880000 0.160000 0.160000
      vertex 1.520000 0.160000 0.160000
    endloop
  endfacet
  facet normal 0.000000 0.000000 0.000000
    outer loop
      vertex 0.720000 0.320000 0.640000
      vertex 0.640000 0.320000 0.640000
      vertex 0.640000 0.160000 0.640000
    endloop
  endfacet
  facet normal 0.000000 0.000000 0.000000
    outer loop
      vertex 0.720000 0.320000 0.640000
      vertex 0.640000 0.160000 0.640000
      vertex 0.720000 0.160000 0.640000
    endloop
  endfacet
  facet normal 0.000000 0.000000 0.000000
    outer loop
      vertex 0.720000 0.320000 0.160000
      vertex 0.160000 0.320000 0.160000
      vertex 0.160000 0.160000 0.160000
    endloop
  endfacet
  facet normal 0.000000 0.000000 0.000000
    outer loop
      vertex 0.720000 0.320000 0.160000
      vertex 0.160000 0.160000 0.160000
      vertex 0.720000 0.160000 0.160000
    endloop
  endfacet
  facet normal 0.000000 0.000000 0.000000
    outer loop
      vertex 2.209600 0.000000 2.775200
      vertex 1.834400 0.000000 2.400000
      vertex 0.978000 0.360000 1.543600
    endloop
  endfacet
  facet normal 0.000000 0.000000 0.000000
    outer loop
      vertex 2.209600 0.000000 2.775200
      vertex 0.978000 0.360000 1.543600
      vertex 1.078400 0.480000 1.644000
    endloop
  endfacet
  facet normal 0.000000 0.000000 0.000000
    outer loop
      vertex 1.453600 0.160000 2.019200
      vertex 0.850800 0.320000 1.416400
      vertex 0.800000 0.320000 1.365600
    endloop
  endfacet
  facet normal 0.000000 0.000000 0.000000
    outer loop
      vertex 1.453600 0.160000 2.019200
      vertex 0.800000 0.320000 1.365600
      vertex 0.800000 0.160000 1.365600
    endloop
  endfacet
  facet normal 0.000000 0.000000 0.000000
    outer loop
      vertex 2.295200 0.160000 2.634400
      vertex 0.964000 0.320000 1.303200
      vertex 0.800000 0.320000 1.139200
    endloop
  endfacet
  facet normal 0.000000 0.000000 0.000000
    outer loop
      vertex 2.295200 0.160000 2.634400
      vertex 0.800000 0.320000 1.139200
      vertex 0.800000 0.160000 1.139200
    endloop
  endfacet
  facet normal 0.000000 0.000000 0.000000
    outer loop
      vertex 0.800000 0.320000 2.240000
      vertex 0.800000 0.320000 1.365600
      vertex 0.800000 0.160000 1.365600
    endloop
  endfacet
  facet normal 0.000000 0.000000 0.000000
    outer loop
      vertex 0.800000 0.320000 2.240000
      vertex 0.800000 0.160000 1.365600
      vertex 0.800000 0.160000 2.240000
    endloop
  endfacet
  facet normal 0.000000 0.000000 0.000000
    outer loop
      vertex 0.640000 0.320000 1.520000
      vertex 0.640000 0.320000 0.880000
      vertex 0.640000 0.160000 0.880000
    endloop
  endfacet
  facet normal 0.000000 0.000000 0.000000
    outer loop
      vertex 0.640000 0.320000 1.520000
      vertex 0.640000 0.160000 0.880000
      vertex 0.640000 0.160000 1.520000
    endloop
  endfacet
  facet normal 0.000000 0.000000 0.000000
    outer loop
      vertex 0.160000 0.320000 1.520000
      vertex 0.160000 0.320000 0.880000
      vertex 0.160000 0.160000 0.880000
    endloop
  endfacet
  facet normal 0.000000 0.000000 0.000000
    outer loop
      vertex 0.160000 0.320000 1.520000
      vertex 0.160000 0.160000 0.880000
      vertex 0.160000 0.160000 1.520000
    endloop
  endfacet
  facet normal 0.000000 0.000000 0.000000
    outer loop
      vertex 0.640000 0.320000 0.720000
      vertex 0.640000 0.320000 0.640000
      vertex 0.640000 0.160000 0.640000
    endloop
  endfacet
  facet normal 0.000000 0.000000 0.000000
    outer loop
      vertex 0.640000 0.320000 0.720000
      vertex 0.640000 0.160000 0.640000
      vertex 0.640000 0.160000 0.720000
    endloop
  endfacet
  facet normal 0.000000 0.000000 0.000000
    outer loop
      vertex 0.160000 0.320000 0.720000
      vertex 0.160000 0.320000 0.160000
      vertex 0.160000 0.160000 0.160000
    endloop
  endfacet
  facet normal 0.000000 0.000000 0.000000
    outer loop
      vertex 0.160000 0.320000 0.720000
      vertex 0.160000 0.160000 0.160000
      vertex 0.160000 0.160000 0.720000
    endloop
  endfacet
  facet normal 0.000000 0.000000 0.000000
    outer loop
      vertex 2.634400 0.160000 2.295200
      vertex 2.295200 0.160000 2.634400
      vertex 1.900800 0.160000 2.240000
    endloop
  endfacet
  facet normal 0.000000 0.000000 0.000000
    outer loop
      vertex 2.634400 0.160000 2.295200
      vertex 1.900800 0.160000 2.240000
      vertex 2.240000 0.160000 1.900800
    endloop
  endfacet
  facet normal 0.000000 0.000000 0.000000
    outer loop
      vertex 2.240000 0.160000 2.240000
      vertex 2.240000 0.160000 0.160000
      vertex 0.160000 0.160000 0.160000
    endloop
  endfacet
  facet normal 0.000000 0.000000 0.000000
    outer loop
      vertex 2.240000 0.160000 2.240000
      vertex 0.160000 0.160000 0.160000
      vertex 0.160000 0.160000 2.240000
    endloop
  endfacet
  facet normal 0.000000 0.000000 0.000000
    outer loop
      vertex 2.775200 0.000000 2.209600
      vertex 2.400000 0.000000 1.834400
      vertex 1.834400 0.000000 2.400000
    endloop
  endfacet
  facet normal 0.000000 0.000000 0.000000
    outer loop
      vertex 2.775200 0.000000 2.209600
      vertex 1.834400 0.000000 2.400000
      vertex 2.209600 0.000000 2.775200
    endloop
  endfacet
  facet normal 0.000000 0.000000 0.000000
    outer loop
      vertex 2.400000 0.000000 1.834400
      vertex 2.400000 0.000000 0.000000
      vertex 0.000000 0.000000 2.400000
    endloop
  endfacet
  facet normal 0.000000 0.000000 0.000000
    outer loop
      vertex 2.400000 0.000000 1.834400
      vertex 0.000000 0.000000 2.400000
      vertex 1.834400 0.000000 2.400000
    endloop
  endfacet
  facet normal 0.000000 0.000000 0.000000
    outer loop
      vertex 6.280000 11.360000 6.280000
      vertex 6.280000 11.360000 5.940799
      vertex 6.280000 11.520000 5.940799
    endloop
  endfacet
  facet normal 0.000000 0.000000 0.000000
    outer loop
      vertex 6.280000 11.360000 6.280000
      vertex 6.280000 11.520000 5.940799
      vertex 6.280000 11.520000 6.280000
    endloop
  endfacet
  facet normal 0.000000 0.000000 0.000000
    outer loop
      vertex 5.940799 11.360000 6.280000
      vertex 5.940799 11.520000 6.280000
      vertex 6.280000 11.520000 6.280000
    endloop
  endfacet
  facet normal 0.000000 0.000000 0.000000
    outer loop
      vertex 5.940799 11.360000 6.280000
      vertex 6.280000 11.520000 6.280000
      vertex 6.280000 11.360000 6.280000
    endloop
  endfacet
  facet normal 0.000000 0.000000 0.000000
    outer loop
      vertex 6.000000 11.360000 5.490799
      vertex 6.000000 11.360000 5.440000
      vertex 6.000000 11.520000 5.440000
    endloop
  endfacet
  facet normal 0.000000 0.000000 0.000000
    outer loop
      vertex 6.000000 11.360000 5.490799
      vertex 6.000000 11.520000 5.440000
      vertex 6.000000 11.520000 5.490799
    endloop
  endfacet
  facet normal 0.000000 0.000000 0.000000
    outer loop
      vertex 6.000000 11.360000 5.440000
      vertex 6.000000 11.520000 5.440000
      vertex 5.908156 11.520000 5.421731
    endloop
  endfacet
  facet normal 0.000000 0.000000 0.000000
    outer loop
      vertex 6.000000 11.360000 5.440000
      vertex 5.908156 11.520000 5.421731
      vertex 5.908156 11.360000 5.421731
    endloop
  endfacet
  facet normal 0.000000 0.000000 0.000000
    outer loop
      vertex 5.908156 11.360000 5.421731
      vertex 5.908156 11.520000 5.421731
      vertex 5.830294 11.520000 5.369706
    endloop
  endfacet
  facet normal 0.000000 0.000000 0.000000
    outer loop
      vertex 5.908156 11.360000 5.421731
      vertex 5.830294 11.520000 5.369706
      vertex 5.830294 11.360000 5.369706
    endloop
  endfacet
  facet normal 0.000000 0.000000 0.000000
    outer loop
      vertex 5.830294 11.360000 5.369706
      vertex 5.830294 11.520000 5.369706
      vertex 5.778269 11.520000 5.291844
    endloop
  endfacet
  facet normal 0.000000 0.000000 0.000000
    outer loop
      vertex 5.830294 11.360000 5.369706
      vertex 5.778269 11.520000 5.291844
      vertex 5.778269 11.360000 5.291844
    endloop
  endfacet
  facet normal 0.000000 0.000000 0.000000
    outer loop
      vertex 5.778269 11.360000 5.291844
      vertex 5.778269 11.520000 5.291844
      vertex 5.760000 11.520000 5.200000
    endloop
  endfacet
  facet normal 0.000000 0.000000 0.000000
    outer loop
      vertex 5.778269 11.360000 5.291844
      vertex 5.760000 11.520000 5.200000
      vertex 5.760000 11.360000 5.200000
    endloop
  endfacet
  facet normal 0.000000 0.000000 0.000000
    outer loop
      vertex 5.709200 11.360000 5.200000
      vertex 5.709200 11.520000 5.200000
      vertex 5.760000 11.520000 5.200000
    endloop
  endfacet
  facet normal 0.000000 0.000000 0.000000
    outer loop
      vertex 5.709200 11.360000 5.200000
      vertex 5.760000 11.520000 5.200000
      vertex 5.760000 11.360000 5.200000
    endloop
  endfacet
  facet normal 0.000000 0.000000 0.000000
    outer loop
      vertex 5.440000 11.360000 6.000000
      vertex 5.440000 11.520000 6.000000
      vertex 5.490799 11.520000 6.000000
    endloop
  endfacet
  facet normal 0.000000 0.000000 0.000000
    outer loop
      vertex 5.440000 11.360000 6.000000
      vertex 5.490799 11.520000 6.000000
      vertex 5.490799 11.360000 6.000000
    endloop
  endfacet
  facet normal 0.000000 0.000000 0.000000
    outer loop
      vertex 5.200000 11.360000 5.760000
      vertex 5.200000 11.520000 5.760000
      vertex 5.291844 11.520000 5.778269
    endloop
  endfacet
  facet normal 0.000000 0.000000 0.000000
    outer loop
      vertex 5.200000 11.360000 5.760000
      vertex 5.291844 11.520000 5.778269
      vertex 5.291844 11.360000 5.778269
    endloop
  endfacet
  facet normal 0.000000 0.000000 0.000000
    outer loop
      vertex 5.291844 11.360000 5.778269
      vertex 5.291844 11.520000 5.778269
      vertex 5.369706 11.520000 5.830294
    endloop
  endfacet
  facet normal 0.000000 0.000000 0.000000
    outer loop
      vertex 5.291844 11.360000 5.778269
      vertex 5.369706 11.520000 5.830294
      vertex 5.369706 11.360000 5.830294
    endloop
  endfacet
  facet normal 0.000000 0.000000 0.000000
    outer loop
      vertex 5.369706 11.360000 5.830294
      vertex 5.369706 11.520000 5.830294
      vertex 5.421731 11.520000 5.908156
    endloop
  endfacet
  facet normal 0.000000 0.000000 0.000000
    outer loop
      vertex 5.369706 11.360000 5.830294
      vertex 5.421731 11.520000 5.908156
      vertex 5.421731 11.360000 5.908156
    endloop
  endfacet
  facet normal 0.000000 0.000000 0.000000
    outer loop
      vertex 5.421731 11.360000 5.908156
      vertex 5.421731 11.520000 5.908156
      vertex 5.440000 11.520000 6.000000
    endloop
  endfacet
  facet normal 0.000000 0.000000 0.000000
    outer loop
      vertex 5.421731 11.360000 5.908156
      vertex 5.440000 11.520000 6.000000
      vertex 5.440000 11.360000 6.000000
    endloop
  endfacet
  facet normal 0.000000 0.000000 0.000000
    outer loop
      vertex 5.200000 11.360000 5.760000
      vertex 5.200000 11.360000 5.709200
      vertex 5.200000 11.520000 5.709200
    endloop
  endfacet
  facet normal 0.000000 0.000000 0.000000
    outer loop
      vertex 5.200000 11.360000 5.760000
      vertex 5.200000 11.520000 5.709200
      vertex 5.200000 11.520000 5.760000
    endloop
  endfacet
  facet normal 0.000000 0.000000 0.000000
    outer loop
      vertex 6.280000 11.360000 5.770799
      vertex 6.280000 11.360000 4.920000
      vertex 6.280000 11.520000 4.920000
    endloop
  endfacet
  facet normal 0.000000 0.000000 0.000000
    outer loop
      vertex 6.280000 11.360000 5.770799
      vertex 6.280000 11.520000 4.920000
      vertex 6.280000 11.520000 5.770799
    endloop
  endfacet
  facet normal 0.000000 0.000000 0.000000
    outer loop
      vertex 5.429200 11.360000 4.920000
      vertex 5.429200 11.520000 4.920000
      vertex 6.280000 11.520000 4.920000
    endloop
  endfacet
  facet normal 0.000000 0.000000 0.000000
    outer loop
      vertex 5.429200 11.360000 4.920000
      vertex 6.280000 11.520000 4.920000
      vertex 6.280000 11.360000 4.920000
    endloop
  endfacet
  facet normal 0.000000 0.000000 0.000000
    outer loop
      vertex 4.920000 11.360000 6.280000
      vertex 4.920000 11.520000 6.280000
      vertex 5.770799 11.520000 6.280000
    endloop
  endfacet
  facet normal 0.000000 0.000000 0.000000
