solid MYSOLID created by LDView, original data in 30344.dat
  facet normal 0.000000 0.000000 0.000000
    outer loop
      vertex -1.520000 4.640000 -0.840000
      vertex -1.520000 4.640000 -0.040000
      vertex -1.520000 4.720000 -0.040000
    endloop
  endfacet
  facet normal 0.000000 0.000000 0.000000
    outer loop
      vertex 1.520000 4.640000 -0.840000
      vertex 1.520000 4.640000 -0.040000
      vertex 1.520000 4.720000 -0.040000
    endloop
  endfacet
  facet normal 0.000000 0.000000 0.000000
    outer loop
      vertex -1.520000 4.640000 0.840000
      vertex -1.520000 4.640000 0.040000
      vertex -1.520000 4.720000 0.040000
    endloop
  endfacet
  facet normal 0.000000 0.000000 0.000000
    outer loop
      vertex 1.520000 4.640000 0.840000
      vertex 1.520000 4.640000 0.040000
      vertex 1.520000 4.720000 0.040000
    endloop
  endfacet
  facet normal 0.000000 0.000000 0.000000
    outer loop
      vertex 0.000000 -0.036955 0.015307
      vertex 0.000000 -0.040000 -0.000000
      vertex 0.015307 -0.036955 0.000000
    endloop
  endfacet
  facet normal 0.000000 0.000000 0.000000
    outer loop
      vertex 0.000000 -0.028284 0.028284
      vertex 0.000000 -0.036955 0.015307
      vertex 0.017573 -0.031343 0.017573
    endloop
  endfacet
  facet normal 0.000000 0.000000 0.000000
    outer loop
      vertex 0.017573 -0.031343 0.017573
      vertex 0.000000 -0.036955 0.015307
      vertex 0.015307 -0.036955 0.000000
    endloop
  endfacet
  facet normal 0.000000 0.000000 0.000000
    outer loop
      vertex 0.017573 -0.031343 0.017573
      vertex 0.015307 -0.036955 0.000000
      vertex 0.028284 -0.028284 0.000000
    endloop
  endfacet
  facet normal 0.000000 0.000000 0.000000
    outer loop
      vertex 0.000000 -0.015307 0.036955
      vertex 0.000000 -0.028284 0.028284
      vertex 0.017573 -0.017573 0.031343
    endloop
  endfacet
  facet normal 0.000000 0.000000 0.000000
    outer loop
      vertex 0.017573 -0.017573 0.031343
      vertex 0.000000 -0.028284 0.028284
      vertex 0.017573 -0.031343 0.017573
    endloop
  endfacet
  facet normal 0.000000 0.000000 0.000000
    outer loop
      vertex 0.017573 -0.017573 0.031343
      vertex 0.017573 -0.031343 0.017573
      vertex 0.031343 -0.017573 0.017573
    endloop
  endfacet
  facet normal 0.000000 0.000000 0.000000
    outer loop
      vertex 0.031343 -0.017573 0.017573
      vertex 0.017573 -0.031343 0.017573
      vertex 0.028284 -0.028284 0.000000
    endloop
  endfacet
  facet normal 0.000000 0.000000 0.000000
    outer loop
      vertex 0.031343 -0.017573 0.017573
      vertex 0.028284 -0.028284 0.000000
      vertex 0.036955 -0.015307 0.000000
    endloop
  endfacet
  facet normal 0.000000 0.000000 0.000000
    outer loop
      vertex 0.000000 0.000000 0.040000
      vertex 0.000000 -0.015307 0.036955
      vertex 0.015307 0.000000 0.036955
    endloop
  endfacet
  facet normal 0.000000 0.000000 0.000000
    outer loop
      vertex 0.015307 0.000000 0.036955
      vertex 0.000000 -0.015307 0.036955
      vertex 0.017573 -0.017573 0.031343
    endloop
  endfacet
  facet normal 0.000000 0.000000 0.000000
    outer loop
      vertex 0.015307 0.000000 0.036955
      vertex 0.017573 -0.017573 0.031343
      vertex 0.028284 0.000000 0.028284
    endloop
  endfacet
  facet normal 0.000000 0.000000 0.000000
    outer loop
      vertex 0.028284 0.000000 0.028284
      vertex 0.017573 -0.017573 0.031343
      vertex 0.031343 -0.017573 0.017573
    endloop
  endfacet
  facet normal 0.000000 0.000000 0.000000
    outer loop
      vertex 0.028284 0.000000 0.028284
      vertex 0.031343 -0.017573 0.017573
      vertex 0.036955 0.000000 0.015307
    endloop
  endfacet
  facet normal 0.000000 0.000000 0.000000
    outer loop
      vertex 0.036955 0.000000 0.015307
      vertex 0.031343 -0.017573 0.017573
      vertex 0.036955 -0.015307 0.000000
    endloop
  endfacet
  facet normal 0.000000 0.000000 0.000000
    outer loop
      vertex 0.036955 0.000000 0.015307
      vertex 0.036955 -0.015307 0.000000
      vertex 0.040000 0.000000 0.000000
    endloop
  endfacet
  facet normal 0.000000 0.000000 0.000000
    outer loop
      vertex 0.040000 0.000000 0.000000
      vertex 0.036955 -0.015307 0.000000
      vertex 0.036955 0.000000 -0.015307
    endloop
  endfacet
  facet normal 0.000000 0.000000 0.000000
    outer loop
      vertex 0.036955 -0.015307 0.000000
      vertex 0.031343 -0.017573 -0.017573
      vertex 0.036955 0.000000 -0.015307
    endloop
  endfacet
  facet normal 0.000000 0.000000 0.000000
    outer loop
      vertex 0.036955 0.000000 -0.015307
      vertex 0.031343 -0.017573 -0.017573
      vertex 0.028284 0.000000 -0.028284
    endloop
  endfacet
  facet normal 0.000000 0.000000 0.000000
    outer loop
      vertex 0.031343 -0.017573 -0.017573
      vertex 0.017573 -0.017573 -0.031343
      vertex 0.028284 0.000000 -0.028284
    endloop
  endfacet
  facet normal 0.000000 0.000000 0.000000
    outer loop
      vertex 0.028284 0.000000 -0.028284
      vertex 0.017573 -0.017573 -0.031343
      vertex 0.015307 0.000000 -0.036955
    endloop
  endfacet
  facet normal 0.000000 0.000000 0.000000
    outer loop
      vertex 0.017573 -0.017573 -0.031343
      vertex 0.000000 -0.015307 -0.036955
      vertex 0.015307 0.000000 -0.036955
    endloop
  endfacet
  facet normal 0.000000 0.000000 0.000000
    outer loop
      vertex 0.015307 0.000000 -0.036955
      vertex 0.000000 -0.015307 -0.036955
      vertex 0.000000 0.000000 -0.040000
    endloop
  endfacet
  facet normal 0.000000 0.000000 0.000000
    outer loop
      vertex 0.036955 -0.015307 0.000000
      vertex 0.028284 -0.028284 0.000000
      vertex 0.031343 -0.017573 -0.017573
    endloop
  endfacet
  facet normal 0.000000 0.000000 0.000000
    outer loop
      vertex 0.028284 -0.028284 0.000000
      vertex 0.017573 -0.031343 -0.017573
      vertex 0.031343 -0.017573 -0.017573
    endloop
  endfacet
  facet normal 0.000000 0.000000 0.000000
    outer loop
      vertex 0.031343 -0.017573 -0.017573
      vertex 0.017573 -0.031343 -0.017573
      vertex 0.017573 -0.017573 -0.031343
    endloop
  endfacet
  facet normal 0.000000 0.000000 0.000000
    outer loop
      vertex 0.017573 -0.031343 -0.017573
      vertex 0.000000 -0.028284 -0.028284
      vertex 0.017573 -0.017573 -0.031343
    endloop
  endfacet
  facet normal 0.000000 0.000000 0.000000
    outer loop
      vertex 0.017573 -0.017573 -0.031343
      vertex 0.000000 -0.028284 -0.028284
      vertex 0.000000 -0.015307 -0.036955
    endloop
  endfacet
  facet normal 0.000000 0.000000 0.000000
    outer loop
      vertex 0.028284 -0.028284 0.000000
      vertex 0.015307 -0.036955 0.000000
      vertex 0.017573 -0.031343 -0.017573
    endloop
  endfacet
  facet normal 0.000000 0.000000 0.000000
    outer loop
      vertex 0.015307 -0.036955 0.000000
      vertex 0.000000 -0.036955 -0.015307
      vertex 0.017573 -0.031343 -0.017573
    endloop
  endfacet
  facet normal 0.000000 0.000000 0.000000
    outer loop
      vertex 0.017573 -0.031343 -0.017573
      vertex 0.000000 -0.036955 -0.015307
      vertex 0.000000 -0.028284 -0.028284
    endloop
  endfacet
  facet normal 0.000000 0.000000 0.000000
    outer loop
      vertex 0.015307 -0.036955 0.000000
      vertex 0.000000 -0.040000 0.000000
      vertex 0.000000 -0.036955 -0.015307
    endloop
  endfacet
  facet normal 0.000000 0.000000 0.000000
    outer loop
      vertex -0.040000 0.000000 0.000000
      vertex -0.036955 -0.015307 0.000000
      vertex -0.036955 0.000000 0.015307
    endloop
  endfacet
  facet normal 0.000000 0.000000 0.000000
    outer loop
      vertex -0.036955 -0.015307 0.000000
      vertex -0.031343 -0.017573 0.017573
      vertex -0.036955 0.000000 0.015307
    endloop
  endfacet
  facet normal 0.000000 0.000000 0.000000
    outer loop
      vertex -0.036955 0.000000 0.015307
      vertex -0.031343 -0.017573 0.017573
      vertex -0.028284 0.000000 0.028284
    endloop
  endfacet
  facet normal 0.000000 0.000000 0.000000
    outer loop
      vertex -0.031343 -0.017573 0.017573
      vertex -0.017573 -0.017573 0.031343
      vertex -0.028284 0.000000 0.028284
    endloop
  endfacet
  facet normal 0.000000 0.000000 0.000000
    outer loop
      vertex -0.028284 0.000000 0.028284
      vertex -0.017573 -0.017573 0.031343
      vertex -0.015307 0.000000 0.036955
    endloop
  endfacet
  facet normal 0.000000 0.000000 0.000000
    outer loop
      vertex -0.017573 -0.017573 0.031343
      vertex 0.000000 -0.015307 0.036955
      vertex -0.015307 0.000000 0.036955
    endloop
  endfacet
  facet normal 0.000000 0.000000 0.000000
    outer loop
      vertex -0.015307 0.000000 0.036955
      vertex 0.000000 -0.015307 0.036955
      vertex 0.000000 0.000000 0.040000
    endloop
  endfacet
  facet normal 0.000000 0.000000 0.000000
    outer loop
      vertex -0.036955 -0.015307 0.000000
      vertex -0.028284 -0.028284 0.000000
      vertex -0.031343 -0.017573 0.017573
    endloop
  endfacet
  facet normal 0.000000 0.000000 0.000000
    outer loop
      vertex -0.028284 -0.028284 0.000000
      vertex -0.017573 -0.031343 0.017573
      vertex -0.031343 -0.017573 0.017573
    endloop
  endfacet
  facet normal 0.000000 0.000000 0.000000
    outer loop
      vertex -0.031343 -0.017573 0.017573
      vertex -0.017573 -0.031343 0.017573
      vertex -0.017573 -0.017573 0.031343
    endloop
  endfacet
  facet normal 0.000000 0.000000 0.000000
    outer loop
      vertex -0.017573 -0.031343 0.017573
      vertex 0.000000 -0.028284 0.028284
      vertex -0.017573 -0.017573 0.031343
    endloop
  endfacet
  facet normal 0.000000 0.000000 0.000000
    outer loop
      vertex -0.017573 -0.017573 0.031343
      vertex 0.000000 -0.028284 0.028284
      vertex 0.000000 -0.015307 0.036955
    endloop
  endfacet
  facet normal 0.000000 0.000000 0.000000
    outer loop
      vertex -0.028284 -0.028284 0.000000
      vertex -0.015307 -0.036955 0.000000
      vertex -0.017573 -0.031343 0.017573
    endloop
  endfacet
  facet normal 0.000000 0.000000 0.000000
    outer loop
      vertex -0.015307 -0.036955 0.000000
      vertex 0.000000 -0.036955 0.015307
      vertex -0.017573 -0.031343 0.017573
    endloop
  endfacet
  facet normal 0.000000 0.000000 0.000000
    outer loop
      vertex -0.017573 -0.031343 0.017573
      vertex 0.000000 -0.036955 0.015307
      vertex 0.000000 -0.028284 0.028284
    endloop
  endfacet
  facet normal 0.000000 0.000000 0.000000
    outer loop
      vertex -0.015307 -0.036955 0.000000
      vertex 0.000000 -0.040000 -0.000000
      vertex 0.000000 -0.036955 0.015307
    endloop
  endfacet
  facet normal 0.000000 0.000000 0.000000
    outer loop
      vertex 0.000000 -0.036955 -0.015307
      vertex 0.000000 -0.040000 0.000000
      vertex -0.015307 -0.036955 0.000000
    endloop
  endfacet
  facet normal 0.000000 0.000000 0.000000
    outer loop
      vertex 0.000000 -0.028284 -0.028284
      vertex 0.000000 -0.036955 -0.015307
      vertex -0.017573 -0.031343 -0.017573
    endloop
  endfacet
  facet normal 0.000000 0.000000 0.000000
    outer loop
      vertex -0.017573 -0.031343 -0.017573
      vertex 0.000000 -0.036955 -0.015307
      vertex -0.015307 -0.036955 0.000000
    endloop
  endfacet
  facet normal 0.000000 0.000000 0.000000
    outer loop
      vertex -0.017573 -0.031343 -0.017573
      vertex -0.015307 -0.036955 0.000000
      vertex -0.028284 -0.028284 0.000000
    endloop
  endfacet
  facet normal 0.000000 0.000000 0.000000
    outer loop
      vertex 0.000000 -0.015307 -0.036955
      vertex 0.000000 -0.028284 -0.028284
      vertex -0.017573 -0.017573 -0.031343
    endloop
  endfacet
  facet normal 0.000000 0.000000 0.000000
    outer loop
      vertex -0.017573 -0.017573 -0.031343
      vertex 0.000000 -0.028284 -0.028284
      vertex -0.017573 -0.031343 -0.017573
    endloop
  endfacet
  facet normal 0.000000 0.000000 0.000000
    outer loop
      vertex -0.017573 -0.017573 -0.031343
      vertex -0.017573 -0.031343 -0.017573
      vertex -0.031343 -0.017573 -0.017573
    endloop
  endfacet
  facet normal 0.000000 0.000000 0.000000
    outer loop
      vertex -0.031343 -0.017573 -0.017573
      vertex -0.017573 -0.031343 -0.017573
      vertex -0.028284 -0.028284 0.000000
    endloop
  endfacet
  facet normal 0.000000 0.000000 0.000000
    outer loop
      vertex -0.031343 -0.017573 -0.017573
      vertex -0.028284 -0.028284 0.000000
      vertex -0.036955 -0.015307 0.000000
    endloop
  endfacet
  facet normal 0.000000 0.000000 0.000000
    outer loop
      vertex 0.000000 0.000000 -0.040000
      vertex 0.000000 -0.015307 -0.036955
      vertex -0.015307 0.000000 -0.036955
    endloop
  endfacet
  facet normal 0.000000 0.000000 0.000000
    outer loop
      vertex -0.015307 0.000000 -0.036955
      vertex 0.000000 -0.015307 -0.036955
      vertex -0.017573 -0.017573 -0.031343
    endloop
  endfacet
  facet normal 0.000000 0.000000 0.000000
    outer loop
      vertex -0.015307 0.000000 -0.036955
      vertex -0.017573 -0.017573 -0.031343
      vertex -0.028284 0.000000 -0.028284
    endloop
  endfacet
  facet normal 0.000000 0.000000 0.000000
    outer loop
      vertex -0.028284 0.000000 -0.028284
      vertex -0.017573 -0.017573 -0.031343
      vertex -0.031343 -0.017573 -0.017573
    endloop
  endfacet
  facet normal 0.000000 0.000000 0.000000
    outer loop
      vertex -0.028284 0.000000 -0.028284
      vertex -0.031343 -0.017573 -0.017573
      vertex -0.036955 0.000000 -0.015307
    endloop
  endfacet
  facet normal 0.000000 0.000000 0.000000
    outer loop
      vertex -0.036955 0.000000 -0.015307
      vertex -0.031343 -0.017573 -0.017573
      vertex -0.036955 -0.015307 0.000000
    endloop
  endfacet
  facet normal 0.000000 0.000000 0.000000
    outer loop
      vertex -0.036955 0.000000 -0.015307
      vertex -0.036955 -0.015307 0.000000
      vertex -0.040000 0.000000 0.000000
    endloop
  endfacet
  facet normal 0.000000 0.000000 0.000000
    outer loop
      vertex 0.040000 4.880000 0.000000
      vertex 0.036955 4.895307 0.000000
      vertex 0.036955 4.880000 0.015307
    endloop
  endfacet
  facet normal 0.000000 0.000000 0.000000
    outer loop
      vertex 0.036955 4.895307 0.000000
      vertex 0.031343 4.897573 0.017573
      vertex 0.036955 4.880000 0.015307
    endloop
  endfacet
  facet normal 0.000000 0.000000 0.000000
    outer loop
      vertex 0.036955 4.880000 0.015307
      vertex 0.031343 4.897573 0.017573
      vertex 0.028284 4.880000 0.028284
    endloop
  endfacet
  facet normal 0.000000 0.000000 0.000000
    outer loop
      vertex 0.031343 4.897573 0.017573
      vertex 0.017573 4.897573 0.031343
      vertex 0.028284 4.880000 0.028284
    endloop
  endfacet
  facet normal 0.000000 0.000000 0.000000
    outer loop
      vertex 0.028284 4.880000 0.028284
      vertex 0.017573 4.897573 0.031343
      vertex 0.015307 4.880000 0.036955
    endloop
  endfacet
  facet normal 0.000000 0.000000 0.000000
    outer loop
      vertex 0.017573 4.897573 0.031343
      vertex 0.000000 4.895307 0.036955
      vertex 0.015307 4.880000 0.036955
    endloop
  endfacet
  facet normal 0.000000 0.000000 0.000000
    outer loop
      vertex 0.015307 4.880000 0.036955
      vertex 0.000000 4.895307 0.036955
      vertex 0.000000 4.880000 0.040000
    endloop
  endfacet
  facet normal 0.000000 0.000000 0.000000
    outer loop
      vertex 0.036955 4.895307 0.000000
      vertex 0.028284 4.908284 0.000000
      vertex 0.031343 4.897573 0.017573
    endloop
  endfacet
  facet normal 0.000000 0.000000 0.000000
    outer loop
      vertex 0.028284 4.908284 0.000000
      vertex 0.017573 4.911343 0.017573
      vertex 0.031343 4.897573 0.017573
    endloop
  endfacet
  facet normal 0.000000 0.000000 0.000000
    outer loop
      vertex 0.031343 4.897573 0.017573
      vertex 0.017573 4.911343 0.017573
      vertex 0.017573 4.897573 0.031343
    endloop
  endfacet
  facet normal 0.000000 0.000000 0.000000
    outer loop
      vertex 0.017573 4.911343 0.017573
      vertex 0.000000 4.908284 0.028284
      vertex 0.017573 4.897573 0.031343
    endloop
  endfacet
  facet normal 0.000000 0.000000 0.000000
    outer loop
      vertex 0.017573 4.897573 0.031343
      vertex 0.000000 4.908284 0.028284
      vertex 0.000000 4.895307 0.036955
    endloop
  endfacet
  facet normal 0.000000 0.000000 0.000000
    outer loop
      vertex 0.028284 4.908284 0.000000
      vertex 0.015307 4.916955 0.000000
      vertex 0.017573 4.911343 0.017573
    endloop
  endfacet
  facet normal 0.000000 0.000000 0.000000
    outer loop
      vertex 0.015307 4.916955 0.000000
      vertex 0.000000 4.916955 0.015307
      vertex 0.017573 4.911343 0.017573
    endloop
  endfacet
  facet normal 0.000000 0.000000 0.000000
    outer loop
      vertex 0.017573 4.911343 0.017573
      vertex 0.000000 4.916955 0.015307
      vertex 0.000000 4.908284 0.028284
    endloop
  endfacet
  facet normal 0.000000 0.000000 0.000000
    outer loop
      vertex 0.015307 4.916955 0.000000
      vertex 0.000000 4.920000 -0.000000
      vertex 0.000000 4.916955 0.015307
    endloop
  endfacet
  facet normal 0.000000 0.000000 0.000000
    outer loop
      vertex 0.000000 4.916955 -0.015307
      vertex 0.000000 4.920000 0.000000
      vertex 0.015307 4.916955 0.000000
    endloop
  endfacet
  facet normal 0.000000 0.000000 0.000000
    outer loop
      vertex 0.000000 4.908284 -0.028284
      vertex 0.000000 4.916955 -0.015307
      vertex 0.017573 4.911343 -0.017573
    endloop
  endfacet
  facet normal 0.000000 0.000000 0.000000
    outer loop
      vertex 0.017573 4.911343 -0.017573
      vertex 0.000000 4.916955 -0.015307
      vertex 0.015307 4.916955 0.000000
    endloop
  endfacet
  facet normal 0.000000 0.000000 0.000000
    outer loop
      vertex 0.017573 4.911343 -0.017573
      vertex 0.015307 4.916955 0.000000
      vertex 0.028284 4.908284 0.000000
    endloop
  endfacet
  facet normal 0.000000 0.000000 0.000000
    outer loop
      vertex 0.000000 4.895307 -0.036955
      vertex 0.000000 4.908284 -0.028284
      vertex 0.017573 4.897573 -0.031343
    endloop
  endfacet
  facet normal 0.000000 0.000000 0.000000
    outer loop
      vertex 0.017573 4.897573 -0.031343
      vertex 0.000000 4.908284 -0.028284
      vertex 0.017573 4.911343 -0.017573
    endloop
  endfacet
  facet normal 0.000000 0.000000 0.000000
    outer loop
      vertex 0.017573 4.897573 -0.031343
      vertex 0.017573 4.911343 -0.017573
      vertex 0.031343 4.897573 -0.017573
    endloop
  endfacet
  facet normal 0.000000 0.000000 0.000000
    outer loop
      vertex 0.031343 4.897573 -0.017573
      vertex 0.017573 4.911343 -0.017573
      vertex 0.028284 4.908284 0.000000
    endloop
  endfacet
  facet normal 0.000000 0.000000 0.000000
    outer loop
      vertex 0.031343 4.897573 -0.017573
      vertex 0.028284 4.908284 0.000000
      vertex 0.036955 4.895307 0.000000
    endloop
  endfacet
  facet normal 0.000000 0.000000 0.000000
    outer loop
      vertex 0.000000 4.880000 -0.040000
      vertex 0.000000 4.895307 -0.036955
      vertex 0.015307 4.880000 -0.036955
    endloop
  endfacet
  facet normal 0.000000 0.000000 0.000000
    outer loop
      vertex 0.015307 4.880000 -0.036955
      vertex 0.000000 4.895307 -0.036955
      vertex 0.017573 4.897573 -0.031343
    endloop
  endfacet
  facet normal 0.000000 0.000000 0.000000
    outer loop
      vertex 0.015307 4.880000 -0.036955
      vertex 0.017573 4.897573 -0.031343
      vertex 0.028284 4.880000 -0.028284
    endloop
  endfacet
  facet normal 0.000000 0.000000 0.000000
    outer loop
      vertex 0.028284 4.880000 -0.028284
      vertex 0.017573 4.897573 -0.031343
      vertex 0.031343 4.897573 -0.017573
    endloop
  endfacet
  facet normal 0.000000 0.000000 0.000000
    outer loop
      vertex 0.028284 4.880000 -0.028284
      vertex 0.031343 4.897573 -0.017573
      vertex 0.036955 4.880000 -0.015307
    endloop
  endfacet
  facet normal 0.000000 0.000000 0.000000
    outer loop
      vertex 0.036955 4.880000 -0.015307
      vertex 0.031343 4.897573 -0.017573
      vertex 0.036955 4.895307 0.000000
    endloop
  endfacet
  facet normal 0.000000 0.000000 0.000000
    outer loop
      vertex 0.036955 4.880000 -0.015307
      vertex 0.036955 4.895307 0.000000
      vertex 0.040000 4.880000 0.000000
    endloop
  endfacet
  facet normal 0.000000 0.000000 0.000000
    outer loop
      vertex 0.000000 4.916955 0.015307
      vertex 0.000000 4.920000 -0.000000
      vertex -0.015307 4.916955 0.000000
    endloop
  endfacet
  facet normal 0.000000 0.000000 0.000000
    outer loop
      vertex 0.000000 4.908284 0.028284
      vertex 0.000000 4.916955 0.015307
      vertex -0.017573 4.911343 0.017573
    endloop
  endfacet
  facet normal 0.000000 0.000000 0.000000
    outer loop
      vertex -0.017573 4.911343 0.017573
      vertex 0.000000 4.916955 0.015307
      vertex -0.015307 4.916955 0.000000
    endloop
  endfacet
  facet normal 0.000000 0.000000 0.000000
    outer loop
      vertex -0.017573 4.911343 0.017573
      vertex -0.015307 4.916955 0.000000
      vertex -0.028284 4.908284 0.000000
    endloop
  endfacet
  facet normal 0.000000 0.000000 0.000000
    outer loop
      vertex 0.000000 4.895307 0.036955
      vertex 0.000000 4.908284 0.028284
      vertex -0.017573 4.897573 0.031343
    endloop
  endfacet
  facet normal 0.000000 0.000000 0.000000
    outer loop
      vertex -0.017573 4.897573 0.031343
      vertex 0.000000 4.908284 0.028284
      vertex -0.017573 4.911343 0.017573
    endloop
  endfacet
  facet normal 0.000000 0.000000 0.000000
    outer loop
      vertex -0.017573 4.897573 0.031343
      vertex -0.017573 4.911343 0.017573
      vertex -0.031343 4.897573 0.017573
    endloop
  endfacet
  facet normal 0.000000 0.000000 0.000000
    outer loop
      vertex -0.031343 4.897573 0.017573
      vertex -0.017573 4.911343 0.017573
      vertex -0.028284 4.908284 0.000000
    endloop
  endfacet
  facet normal 0.000000 0.000000 0.000000
    outer loop
      vertex -0.031343 4.897573 0.017573
      vertex -0.028284 4.908284 0.000000
      vertex -0.036955 4.895307 0.000000
    endloop
  endfacet
  facet normal 0.000000 0.000000 0.000000
    outer loop
      vertex 0.000000 4.880000 0.040000
      vertex 0.000000 4.895307 0.036955
      vertex -0.015307 4.880000 0.036955
    endloop
  endfacet
  facet normal 0.000000 0.000000 0.000000
    outer loop
      vertex -0.015307 4.880000 0.036955
      vertex 0.000000 4.895307 0.036955
      vertex -0.017573 4.897573 0.031343
    endloop
  endfacet
  facet normal 0.000000 0.000000 0.000000
    outer loop
      vertex -0.015307 4.880000 0.036955
      vertex -0.017573 4.897573 0.031343
      vertex -0.028284 4.880000 0.028284
    endloop
  endfacet
  facet normal 0.000000 0.000000 0.000000
    outer loop
      vertex -0.028284 4.880000 0.028284
      vertex -0.017573 4.897573 0.031343
      vertex -0.031343 4.897573 0.017573
    endloop
  endfacet
  facet normal 0.000000 0.000000 0.000000
    outer loop
      vertex -0.028284 4.880000 0.028284
      vertex -0.031343 4.897573 0.017573
      vertex -0.036955 4.880000 0.015307
    endloop
  endfacet
  facet normal 0.000000 0.000000 0.000000
    outer loop
      vertex -0.036955 4.880000 0.015307
      vertex -0.031343 4.897573 0.017573
      vertex -0.036955 4.895307 0.000000
    endloop
  endfacet
  facet normal 0.000000 0.000000 0.000000
    outer loop
      vertex -0.036955 4.880000 0.015307
      vertex -0.036955 4.895307 0.000000
      vertex -0.040000 4.880000 0.000000
    endloop
  endfacet
  facet normal 0.000000 0.000000 0.000000
    outer loop
      vertex -0.040000 4.880000 0.000000
      vertex -0.036955 4.895307 0.000000
      vertex -0.036955 4.880000 -0.015307
    endloop
  endfacet
  facet normal 0.000000 0.000000 0.000000
    outer loop
      vertex -0.036955 4.895307 0.000000
      vertex -0.031343 4.897573 -0.017573
      vertex -0.036955 4.880000 -0.015307
    endloop
  endfacet
  facet normal 0.000000 0.000000 0.000000
    outer loop
      vertex -0.036955 4.880000 -0.015307
      vertex -0.031343 4.897573 -0.017573
      vertex -0.028284 4.880000 -0.028284
    endloop
  endfacet
  facet normal 0.000000 0.000000 0.000000
    outer loop
      vertex -0.031343 4.897573 -0.017573
      vertex -0.017573 4.897573 -0.031343
      vertex -0.028284 4.880000 -0.028284
    endloop
  endfacet
  facet normal 0.000000 0.000000 0.000000
    outer loop
      vertex -0.028284 4.880000 -0.028284
      vertex -0.017573 4.897573 -0.031343
      vertex -0.015307 4.880000 -0.036955
    endloop
  endfacet
  facet normal 0.000000 0.000000 0.000000
    outer loop
      vertex -0.017573 4.897573 -0.031343
      vertex 0.000000 4.895307 -0.036955
      vertex -0.015307 4.880000 -0.036955
    endloop
  endfacet
  facet normal 0.000000 0.000000 0.000000
    outer loop
      vertex -0.015307 4.880000 -0.036955
      vertex 0.000000 4.895307 -0.036955
      vertex 0.000000 4.880000 -0.040000
    endloop
  endfacet
  facet normal 0.000000 0.000000 0.000000
    outer loop
      vertex -0.036955 4.895307 0.000000
      vertex -0.028284 4.908284 0.000000
      vertex -0.031343 4.897573 -0.017573
    endloop
  endfacet
  facet normal 0.000000 0.000000 0.000000
    outer loop
      vertex -0.028284 4.908284 0.000000
      vertex -0.017573 4.911343 -0.017573
      vertex -0.031343 4.897573 -0.017573
    endloop
  endfacet
  facet normal 0.000000 0.000000 0.000000
    outer loop
      vertex -0.031343 4.897573 -0.017573
      vertex -0.017573 4.911343 -0.017573
      vertex -0.017573 4.897573 -0.031343
    endloop
  endfacet
  facet normal 0.000000 0.000000 0.000000
    outer loop
      vertex -0.017573 4.911343 -0.017573
      vertex 0.000000 4.908284 -0.028284
      vertex -0.017573 4.897573 -0.031343
    endloop
  endfacet
  facet normal 0.000000 0.000000 0.000000
    outer loop
      vertex -0.017573 4.897573 -0.031343
      vertex 0.000000 4.908284 -0.028284
      vertex 0.000000 4.895307 -0.036955
    endloop
  endfacet
  facet normal 0.000000 0.000000 0.000000
    outer loop
      vertex -0.028284 4.908284 0.000000
      vertex -0.015307 4.916955 0.000000
      vertex -0.017573 4.911343 -0.017573
    endloop
  endfacet
  facet normal 0.000000 0.000000 0.000000
    outer loop
      vertex -0.015307 4.916955 0.000000
      vertex 0.000000 4.916955 -0.015307
      vertex -0.017573 4.911343 -0.017573
    endloop
  endfacet
  facet normal 0.000000 0.000000 0.000000
    outer loop
      vertex -0.017573 4.911343 -0.017573
      vertex 0.000000 4.916955 -0.015307
      vertex 0.000000 4.908284 -0.028284
    endloop
  endfacet
  facet normal 0.000000 0.000000 0.000000
    outer loop
      vertex -0.015307 4.916955 0.000000
      vertex 0.000000 4.920000 0.000000
      vertex 0.000000 4.916955 -0.015307
    endloop
  endfacet
  facet normal 0.000000 0.000000 0.000000
    outer loop
      vertex -1.960000 0.000000 -0.040000
      vertex -1.975307 0.003045 -0.040000
      vertex -1.960000 0.040000 -0.040000
    endloop
  endfacet
  facet normal 0.000000 0.000000 0.000000
    outer loop
      vertex -1.975307 0.003045 -0.040000
      vertex -1.988284 0.011716 -0.040000
      vertex -1.960000 0.040000 -0.040000
    endloop
  endfacet
  facet normal 0.000000 0.000000 0.000000
    outer loop
      vertex -1.988284 0.011716 -0.040000
      vertex -1.996955 0.024693 -0.040000
      vertex -1.960000 0.040000 -0.040000
    endloop
  endfacet
  facet normal 0.000000 0.000000 0.000000
    outer loop
      vertex -1.996955 0.024693 -0.040000
      vertex -2.000000 0.040000 -0.040000
      vertex -1.960000 0.040000 -0.040000
    endloop
  endfacet
  facet normal 0.000000 0.000000 0.000000
    outer loop
      vertex -1.960000 0.000000 0.040000
      vertex -1.975307 0.003045 0.040000
      vertex -1.960000 0.040000 0.040000
    endloop
  endfacet
  facet normal 0.000000 0.000000 0.000000
    outer loop
      vertex -1.975307 0.003045 0.040000
      vertex -1.988284 0.011716 0.040000
      vertex -1.960000 0.040000 0.040000
    endloop
  endfacet
  facet normal 0.000000 0.000000 0.000000
    outer loop
      vertex -1.988284 0.011716 0.040000
      vertex -1.996955 0.024693 0.040000
      vertex -1.960000 0.040000 0.040000
    endloop
  endfacet
  facet normal 0.000000 0.000000 0.000000
    outer loop
      vertex -1.996955 0.024693 0.040000
      vertex -2.000000 0.040000 0.040000
      vertex -1.960000 0.040000 0.040000
    endloop
  endfacet
  facet normal 0.000000 0.000000 0.000000
    outer loop
      vertex 1.960000 0.040000 -0.040000
      vertex 2.000000 0.040000 -0.040000
      vertex 1.996955 0.024693 -0.040000
    endloop
  endfacet
  facet normal 0.000000 0.000000 0.000000
    outer loop
      vertex 1.960000 0.040000 -0.040000
      vertex 1.996955 0.024693 -0.040000
      vertex 1.988284 0.011716 -0.040000
    endloop
  endfacet
  facet normal 0.000000 0.000000 0.000000
    outer loop
      vertex 1.960000 0.040000 -0.040000
      vertex 1.988284 0.011716 -0.040000
      vertex 1.975307 0.003045 -0.040000
    endloop
  endfacet
  facet normal 0.000000 0.000000 0.000000
    outer loop
      vertex 1.960000 0.040000 -0.040000
      vertex 1.975307 0.003045 -0.040000
      vertex 1.960000 0.000000 -0.040000
    endloop
  endfacet
  facet normal 0.000000 0.000000 0.000000
    outer loop
      vertex 1.960000 0.040000 0.040000
      vertex 2.000000 0.040000 0.040000
      vertex 1.996955 0.024693 0.040000
    endloop
  endfacet
  facet normal 0.000000 0.000000 0.000000
    outer loop
      vertex 1.960000 0.040000 0.040000
      vertex 1.996955 0.024693 0.040000
      vertex 1.988284 0.011716 0.040000
    endloop
  endfacet
  facet normal 0.000000 0.000000 0.000000
    outer loop
      vertex 1.960000 0.040000 0.040000
      vertex 1.988284 0.011716 0.040000
      vertex 1.975307 0.003045 0.040000
    endloop
  endfacet
  facet normal 0.000000 0.000000 0.000000
    outer loop
      vertex 1.960000 0.040000 0.040000
      vertex 1.975307 0.003045 0.040000
      vertex 1.960000 0.000000 0.040000
    endloop
  endfacet
  facet normal 0.000000 0.000000 0.000000
    outer loop
      vertex -1.960000 4.840000 -0.040000
      vertex -2.000000 4.840000 -0.040000
      vertex -1.996955 4.855307 -0.040000
    endloop
  endfacet
  facet normal 0.000000 0.000000 0.000000
    outer loop
      vertex -1.960000 4.840000 -0.040000
      vertex -1.996955 4.855307 -0.040000
      vertex -1.988284 4.868284 -0.040000
    endloop
  endfacet
  facet normal 0.000000 0.000000 0.000000
    outer loop
      vertex -1.960000 4.840000 -0.040000
      vertex -1.988284 4.868284 -0.040000
      vertex -1.975307 4.876955 -0.040000
    endloop
  endfacet
  facet normal 0.000000 0.000000 0.000000
    outer loop
      vertex -1.960000 4.840000 -0.040000
      vertex -1.975307 4.876955 -0.040000
      vertex -1.960000 4.880000 -0.040000
    endloop
  endfacet
  facet normal 0.000000 0.000000 0.000000
    outer loop
      vertex -1.960000 4.840000 0.040000
      vertex -2.000000 4.840000 0.040000
      vertex -1.996955 4.855307 0.040000
    endloop
  endfacet
  facet normal 0.000000 0.000000 0.000000
    outer loop
      vertex -1.960000 4.840000 0.040000
      vertex -1.996955 4.855307 0.040000
      vertex -1.988284 4.868284 0.040000
    endloop
  endfacet
  facet normal 0.000000 0.000000 0.000000
    outer loop
      vertex -1.960000 4.840000 0.040000
      vertex -1.988284 4.868284 0.040000
      vertex -1.975307 4.876955 0.040000
    endloop
  endfacet
  facet normal 0.000000 0.000000 0.000000
    outer loop
      vertex -1.960000 4.840000 0.040000
      vertex -1.975307 4.876955 0.040000
      vertex -1.960000 4.880000 0.040000
    endloop
  endfacet
  facet normal 0.000000 0.000000 0.000000
    outer loop
      vertex 1.960000 4.880000 -0.040000
      vertex 1.975307 4.876955 -0.040000
      vertex 1.960000 4.840000 -0.040000
    endloop
  endfacet
  facet normal 0.000000 0.000000 0.000000
    outer loop
      vertex 1.975307 4.876955 -0.040000
      vertex 1.988284 4.868284 -0.040000
      vertex 1.960000 4.840000 -0.040000
    endloop
  endfacet
  facet normal 0.000000 0.000000 0.000000
    outer loop
      vertex 1.988284 4.868284 -0.040000
      vertex 1.996955 4.855307 -0.040000
      vertex 1.960000 4.840000 -0.040000
    endloop
  endfacet
  facet normal 0.000000 0.000000 0.000000
    outer loop
      vertex 1.996955 4.855307 -0.040000
      vertex 2.000000 4.840000 -0.040000
      vertex 1.960000 4.840000 -0.040000
    endloop
  endfacet
  facet normal 0.000000 0.000000 0.000000
    outer loop
      vertex 1.960000 4.880000 0.040000
      vertex 1.975307 4.876955 0.040000
      vertex 1.960000 4.840000 0.040000
    endloop
  endfacet
  facet normal 0.000000 0.000000 0.000000
    outer loop
      vertex 1.975307 4.876955 0.040000
      vertex 1.988284 4.868284 0.040000
      vertex 1.960000 4.840000 0.040000
    endloop
  endfacet
  facet normal 0.000000 0.000000 0.000000
    outer loop
      vertex 1.988284 4.868284 0.040000
      vertex 1.996955 4.855307 0.040000
      vertex 1.960000 4.840000 0.040000
    endloop
  endfacet
  facet normal 0.000000 0.000000 0.000000
    outer loop
      vertex 1.996955 4.855307 0.040000
      vertex 2.000000 4.840000 0.040000
      vertex 1.960000 4.840000 0.040000
    endloop
  endfacet
  facet normal 0.000000 0.000000 0.000000
    outer loop
      vertex -0.760000 4.880000 -0.320000
      vertex -0.763045 4.895307 -0.320000
      vertex -0.763045 4.880000 -0.304693
    endloop
  endfacet
  facet normal 0.000000 0.000000 0.000000
    outer loop
      vertex -0.763045 4.895307 -0.320000
      vertex -0.768657 4.897573 -0.302427
      vertex -0.763045 4.880000 -0.304693
    endloop
  endfacet
  facet normal 0.000000 0.000000 0.000000
    outer loop
      vertex -0.763045 4.880000 -0.304693
      vertex -0.768657 4.897573 -0.302427
      vertex -0.771716 4.880000 -0.291716
    endloop
  endfacet
  facet normal 0.000000 0.000000 0.000000
    outer loop
      vertex -0.768657 4.897573 -0.302427
      vertex -0.782427 4.897573 -0.288657
      vertex -0.771716 4.880000 -0.291716
    endloop
  endfacet
  facet normal 0.000000 0.000000 0.000000
    outer loop
      vertex -0.771716 4.880000 -0.291716
      vertex -0.782427 4.897573 -0.288657
      vertex -0.784693 4.880000 -0.283045
    endloop
  endfacet
  facet normal 0.000000 0.000000 0.000000
    outer loop
      vertex -0.782427 4.897573 -0.288657
      vertex -0.800000 4.895307 -0.283045
      vertex -0.784693 4.880000 -0.283045
    endloop
  endfacet
  facet normal 0.000000 0.000000 0.000000
    outer loop
      vertex -0.784693 4.880000 -0.283045
      vertex -0.800000 4.895307 -0.283045
      vertex -0.800000 4.880000 -0.280000
    endloop
  endfacet
  facet normal 0.000000 0.000000 0.000000
    outer loop
      vertex -0.763045 4.895307 -0.320000
      vertex -0.771716 4.908284 -0.320000
      vertex -0.768657 4.897573 -0.302427
    endloop
  endfacet
  facet normal 0.000000 0.000000 0.000000
    outer loop
      vertex -0.771716 4.908284 -0.320000
      vertex -0.782427 4.911343 -0.302427
      vertex -0.768657 4.897573 -0.302427
    endloop
  endfacet
  facet normal 0.000000 0.000000 0.000000
    outer loop
      vertex -0.768657 4.897573 -0.302427
      vertex -0.782427 4.911343 -0.302427
      vertex -0.782427 4.897573 -0.288657
    endloop
  endfacet
  facet normal 0.000000 0.000000 0.000000
    outer loop
      vertex -0.782427 4.911343 -0.302427
      vertex -0.800000 4.908284 -0.291716
      vertex -0.782427 4.897573 -0.288657
    endloop
  endfacet
  facet normal 0.000000 0.000000 0.000000
    outer loop
      vertex -0.782427 4.897573 -0.288657
      vertex -0.800000 4.908284 -0.291716
      vertex -0.800000 4.895307 -0.283045
    endloop
  endfacet
  facet normal 0.000000 0.000000 0.000000
    outer loop
      vertex -0.771716 4.908284 -0.320000
      vertex -0.784693 4.916955 -0.320000
      vertex -0.782427 4.911343 -0.302427
    endloop
  endfacet
  facet normal 0.000000 0.000000 0.000000
    outer loop
      vertex -0.784693 4.916955 -0.320000
      vertex -0.800000 4.916955 -0.304693
      vertex -0.782427 4.911343 -0.302427
    endloop
  endfacet
  facet normal 0.000000 0.000000 0.000000
    outer loop
      vertex -0.782427 4.911343 -0.302427
      vertex -0.800000 4.916955 -0.304693
      vertex -0.800000 4.908284 -0.291716
    endloop
  endfacet
  facet normal 0.000000 0.000000 0.000000
    outer loop
      vertex -0.784693 4.916955 -0.320000
      vertex -0.800000 4.920000 -0.320000
      vertex -0.800000 4.916955 -0.304693
    endloop
  endfacet
  facet normal 0.000000 0.000000 0.000000
    outer loop
      vertex -0.800000 4.916955 -0.335307
      vertex -0.800000 4.920000 -0.320000
      vertex -0.784693 4.916955 -0.320000
    endloop
  endfacet
  facet normal 0.000000 0.000000 0.000000
    outer loop
      vertex -0.800000 4.908284 -0.348284
      vertex -0.800000 4.916955 -0.335307
      vertex -0.782427 4.911343 -0.337573
    endloop
  endfacet
  facet normal 0.000000 0.000000 0.000000
    outer loop
      vertex -0.782427 4.911343 -0.337573
      vertex -0.800000 4.916955 -0.335307
      vertex -0.784693 4.916955 -0.320000
    endloop
  endfacet
  facet normal 0.000000 0.000000 0.000000
    outer loop
      vertex -0.782427 4.911343 -0.337573
      vertex -0.784693 4.916955 -0.320000
      vertex -0.771716 4.908284 -0.320000
    endloop
  endfacet
  facet normal 0.000000 0.000000 0.000000
    outer loop
      vertex -0.800000 4.895307 -0.356955
      vertex -0.800000 4.908284 -0.348284
      vertex -0.782427 4.897573 -0.351343
    endloop
  endfacet
  facet normal 0.000000 0.000000 0.000000
    outer loop
      vertex -0.782427 4.897573 -0.351343
      vertex -0.800000 4.908284 -0.348284
      vertex -0.782427 4.911343 -0.337573
    endloop
  endfacet
  facet normal 0.000000 0.000000 0.000000
    outer loop
      vertex -0.782427 4.897573 -0.351343
      vertex -0.782427 4.911343 -0.337573
      vertex -0.768657 4.897573 -0.337573
    endloop
  endfacet
  facet normal 0.000000 0.000000 0.000000
    outer loop
      vertex -0.768657 4.897573 -0.337573
      vertex -0.782427 4.911343 -0.337573
      vertex -0.771716 4.908284 -0.320000
    endloop
  endfacet
  facet normal 0.000000 0.000000 0.000000
    outer loop
      vertex -0.768657 4.897573 -0.337573
      vertex -0.771716 4.908284 -0.320000
      vertex -0.763045 4.895307 -0.320000
    endloop
  endfacet
  facet normal 0.000000 0.000000 0.000000
    outer loop
      vertex -0.800000 4.880000 -0.360000
      vertex -0.800000 4.895307 -0.356955
      vertex -0.784693 4.880000 -0.356955
    endloop
  endfacet
  facet normal 0.000000 0.000000 0.000000
    outer loop
      vertex -0.784693 4.880000 -0.356955
      vertex -0.800000 4.895307 -0.356955
      vertex -0.782427 4.897573 -0.351343
    endloop
  endfacet
  facet normal 0.000000 0.000000 0.000000
    outer loop
      vertex -0.784693 4.880000 -0.356955
      vertex -0.782427 4.897573 -0.351343
      vertex -0.771716 4.880000 -0.348284
    endloop
  endfacet
  facet normal 0.000000 0.000000 0.000000
    outer loop
      vertex -0.771716 4.880000 -0.348284
      vertex -0.782427 4.897573 -0.351343
      vertex -0.768657 4.897573 -0.337573
    endloop
  endfacet
  facet normal 0.000000 0.000000 0.000000
    outer loop
      vertex -0.771716 4.880000 -0.348284
      vertex -0.768657 4.897573 -0.337573
      vertex -0.763045 4.880000 -0.335307
    endloop
  endfacet
  facet normal 0.000000 0.000000 0.000000
    outer loop
      vertex -0.763045 4.880000 -0.335307
      vertex -0.768657 4.897573 -0.337573
      vertex -0.763045 4.895307 -0.320000
    endloop
  endfacet
  facet normal 0.000000 0.000000 0.000000
    outer loop
      vertex -0.763045 4.880000 -0.335307
      vertex -0.763045 4.895307 -0.320000
      vertex -0.760000 4.880000 -0.320000
    endloop
