solid MYSOLID created by LDView, original data in 32027.dat
  facet normal 0.000000 0.000000 0.000000
    outer loop
      vertex -0.000000 -0.240000 0.000000
      vertex 0.091844 -0.221731 0.000000
      vertex 0.000000 -0.221731 0.091844
    endloop
  endfacet
  facet normal 0.000000 0.000000 0.000000
    outer loop
      vertex 0.091844 -0.221731 0.000000
      vertex 0.105437 -0.188059 0.105437
      vertex 0.000000 -0.221731 0.091844
    endloop
  endfacet
  facet normal 0.000000 0.000000 0.000000
    outer loop
      vertex 0.000000 -0.221731 0.091844
      vertex 0.105437 -0.188059 0.105437
      vertex 0.000000 -0.169706 0.169706
    endloop
  endfacet
  facet normal 0.000000 0.000000 0.000000
    outer loop
      vertex 0.105437 -0.188059 0.105437
      vertex 0.105437 -0.105437 0.188059
      vertex 0.000000 -0.169706 0.169706
    endloop
  endfacet
  facet normal 0.000000 0.000000 0.000000
    outer loop
      vertex 0.000000 -0.169706 0.169706
      vertex 0.105437 -0.105437 0.188059
      vertex 0.000000 -0.091844 0.221731
    endloop
  endfacet
  facet normal 0.000000 0.000000 0.000000
    outer loop
      vertex 0.105437 -0.105437 0.188059
      vertex 0.091844 0.000000 0.221731
      vertex 0.000000 -0.091844 0.221731
    endloop
  endfacet
  facet normal 0.000000 0.000000 0.000000
    outer loop
      vertex 0.000000 -0.091844 0.221731
      vertex 0.091844 0.000000 0.221731
      vertex 0.000000 0.000000 0.240000
    endloop
  endfacet
  facet normal 0.000000 0.000000 0.000000
    outer loop
      vertex 0.091844 -0.221731 0.000000
      vertex 0.169706 -0.169706 0.000000
      vertex 0.105437 -0.188059 0.105437
    endloop
  endfacet
  facet normal 0.000000 0.000000 0.000000
    outer loop
      vertex 0.169706 -0.169706 0.000000
      vertex 0.188059 -0.105437 0.105437
      vertex 0.105437 -0.188059 0.105437
    endloop
  endfacet
  facet normal 0.000000 0.000000 0.000000
    outer loop
      vertex 0.105437 -0.188059 0.105437
      vertex 0.188059 -0.105437 0.105437
      vertex 0.105437 -0.105437 0.188059
    endloop
  endfacet
  facet normal 0.000000 0.000000 0.000000
    outer loop
      vertex 0.188059 -0.105437 0.105437
      vertex 0.169706 0.000000 0.169706
      vertex 0.105437 -0.105437 0.188059
    endloop
  endfacet
  facet normal 0.000000 0.000000 0.000000
    outer loop
      vertex 0.105437 -0.105437 0.188059
      vertex 0.169706 0.000000 0.169706
      vertex 0.091844 0.000000 0.221731
    endloop
  endfacet
  facet normal 0.000000 0.000000 0.000000
    outer loop
      vertex 0.169706 -0.169706 0.000000
      vertex 0.221731 -0.091844 0.000000
      vertex 0.188059 -0.105437 0.105437
    endloop
  endfacet
  facet normal 0.000000 0.000000 0.000000
    outer loop
      vertex 0.221731 -0.091844 0.000000
      vertex 0.221731 0.000000 0.091844
      vertex 0.188059 -0.105437 0.105437
    endloop
  endfacet
  facet normal 0.000000 0.000000 0.000000
    outer loop
      vertex 0.188059 -0.105437 0.105437
      vertex 0.221731 0.000000 0.091844
      vertex 0.169706 0.000000 0.169706
    endloop
  endfacet
  facet normal 0.000000 0.000000 0.000000
    outer loop
      vertex 0.221731 -0.091844 0.000000
      vertex 0.240000 0.000000 -0.000000
      vertex 0.221731 0.000000 0.091844
    endloop
  endfacet
  facet normal 0.000000 0.000000 0.000000
    outer loop
      vertex 0.221731 0.000000 -0.091844
      vertex 0.240000 0.000000 0.000000
      vertex 0.221731 -0.091844 0.000000
    endloop
  endfacet
  facet normal 0.000000 0.000000 0.000000
    outer loop
      vertex 0.169706 0.000000 -0.169706
      vertex 0.221731 0.000000 -0.091844
      vertex 0.188059 -0.105437 -0.105437
    endloop
  endfacet
  facet normal 0.000000 0.000000 0.000000
    outer loop
      vertex 0.188059 -0.105437 -0.105437
      vertex 0.221731 0.000000 -0.091844
      vertex 0.221731 -0.091844 0.000000
    endloop
  endfacet
  facet normal 0.000000 0.000000 0.000000
    outer loop
      vertex 0.188059 -0.105437 -0.105437
      vertex 0.221731 -0.091844 0.000000
      vertex 0.169706 -0.169706 0.000000
    endloop
  endfacet
  facet normal 0.000000 0.000000 0.000000
    outer loop
      vertex 0.091844 0.000000 -0.221731
      vertex 0.169706 0.000000 -0.169706
      vertex 0.105437 -0.105437 -0.188059
    endloop
  endfacet
  facet normal 0.000000 0.000000 0.000000
    outer loop
      vertex 0.105437 -0.105437 -0.188059
      vertex 0.169706 0.000000 -0.169706
      vertex 0.188059 -0.105437 -0.105437
    endloop
  endfacet
  facet normal 0.000000 0.000000 0.000000
    outer loop
      vertex 0.105437 -0.105437 -0.188059
      vertex 0.188059 -0.105437 -0.105437
      vertex 0.105437 -0.188059 -0.105437
    endloop
  endfacet
  facet normal 0.000000 0.000000 0.000000
    outer loop
      vertex 0.105437 -0.188059 -0.105437
      vertex 0.188059 -0.105437 -0.105437
      vertex 0.169706 -0.169706 0.000000
    endloop
  endfacet
  facet normal 0.000000 0.000000 0.000000
    outer loop
      vertex 0.105437 -0.188059 -0.105437
      vertex 0.169706 -0.169706 0.000000
      vertex 0.091844 -0.221731 0.000000
    endloop
  endfacet
  facet normal 0.000000 0.000000 0.000000
    outer loop
      vertex 0.000000 0.000000 -0.240000
      vertex 0.091844 0.000000 -0.221731
      vertex 0.000000 -0.091844 -0.221731
    endloop
  endfacet
  facet normal 0.000000 0.000000 0.000000
    outer loop
      vertex 0.000000 -0.091844 -0.221731
      vertex 0.091844 0.000000 -0.221731
      vertex 0.105437 -0.105437 -0.188059
    endloop
  endfacet
  facet normal 0.000000 0.000000 0.000000
    outer loop
      vertex 0.000000 -0.091844 -0.221731
      vertex 0.105437 -0.105437 -0.188059
      vertex 0.000000 -0.169706 -0.169706
    endloop
  endfacet
  facet normal 0.000000 0.000000 0.000000
    outer loop
      vertex 0.000000 -0.169706 -0.169706
      vertex 0.105437 -0.105437 -0.188059
      vertex 0.105437 -0.188059 -0.105437
    endloop
  endfacet
  facet normal 0.000000 0.000000 0.000000
    outer loop
      vertex 0.000000 -0.169706 -0.169706
      vertex 0.105437 -0.188059 -0.105437
      vertex 0.000000 -0.221731 -0.091844
    endloop
  endfacet
  facet normal 0.000000 0.000000 0.000000
    outer loop
      vertex 0.000000 -0.221731 -0.091844
      vertex 0.105437 -0.188059 -0.105437
      vertex 0.091844 -0.221731 0.000000
    endloop
  endfacet
  facet normal 0.000000 0.000000 0.000000
    outer loop
      vertex 0.000000 -0.221731 -0.091844
      vertex 0.091844 -0.221731 0.000000
      vertex -0.000000 -0.240000 0.000000
    endloop
  endfacet
  facet normal 0.000000 0.000000 0.000000
    outer loop
      vertex 0.221731 0.000000 0.091844
      vertex 0.240000 0.000000 -0.000000
      vertex 0.221731 0.091844 0.000000
    endloop
  endfacet
  facet normal 0.000000 0.000000 0.000000
    outer loop
      vertex 0.169706 0.000000 0.169706
      vertex 0.221731 0.000000 0.091844
      vertex 0.188059 0.105437 0.105437
    endloop
  endfacet
  facet normal 0.000000 0.000000 0.000000
    outer loop
      vertex 0.188059 0.105437 0.105437
      vertex 0.221731 0.000000 0.091844
      vertex 0.221731 0.091844 0.000000
    endloop
  endfacet
  facet normal 0.000000 0.000000 0.000000
    outer loop
      vertex 0.188059 0.105437 0.105437
      vertex 0.221731 0.091844 0.000000
      vertex 0.169706 0.169706 0.000000
    endloop
  endfacet
  facet normal 0.000000 0.000000 0.000000
    outer loop
      vertex 0.091844 0.000000 0.221731
      vertex 0.169706 0.000000 0.169706
      vertex 0.105437 0.105437 0.188059
    endloop
  endfacet
  facet normal 0.000000 0.000000 0.000000
    outer loop
      vertex 0.105437 0.105437 0.188059
      vertex 0.169706 0.000000 0.169706
      vertex 0.188059 0.105437 0.105437
    endloop
  endfacet
  facet normal 0.000000 0.000000 0.000000
    outer loop
      vertex 0.105437 0.105437 0.188059
      vertex 0.188059 0.105437 0.105437
      vertex 0.105437 0.188059 0.105437
    endloop
  endfacet
  facet normal 0.000000 0.000000 0.000000
    outer loop
      vertex 0.105437 0.188059 0.105437
      vertex 0.188059 0.105437 0.105437
      vertex 0.169706 0.169706 0.000000
    endloop
  endfacet
  facet normal 0.000000 0.000000 0.000000
    outer loop
      vertex 0.105437 0.188059 0.105437
      vertex 0.169706 0.169706 0.000000
      vertex 0.091844 0.221731 0.000000
    endloop
  endfacet
  facet normal 0.000000 0.000000 0.000000
    outer loop
      vertex 0.000000 0.000000 0.240000
      vertex 0.091844 0.000000 0.221731
      vertex 0.000000 0.091844 0.221731
    endloop
  endfacet
  facet normal 0.000000 0.000000 0.000000
    outer loop
      vertex 0.000000 0.091844 0.221731
      vertex 0.091844 0.000000 0.221731
      vertex 0.105437 0.105437 0.188059
    endloop
  endfacet
  facet normal 0.000000 0.000000 0.000000
    outer loop
      vertex 0.000000 0.091844 0.221731
      vertex 0.105437 0.105437 0.188059
      vertex 0.000000 0.169706 0.169706
    endloop
  endfacet
  facet normal 0.000000 0.000000 0.000000
    outer loop
      vertex 0.000000 0.169706 0.169706
      vertex 0.105437 0.105437 0.188059
      vertex 0.105437 0.188059 0.105437
    endloop
  endfacet
  facet normal 0.000000 0.000000 0.000000
    outer loop
      vertex 0.000000 0.169706 0.169706
      vertex 0.105437 0.188059 0.105437
      vertex 0.000000 0.221731 0.091844
    endloop
  endfacet
  facet normal 0.000000 0.000000 0.000000
    outer loop
      vertex 0.000000 0.221731 0.091844
      vertex 0.105437 0.188059 0.105437
      vertex 0.091844 0.221731 0.000000
    endloop
  endfacet
  facet normal 0.000000 0.000000 0.000000
    outer loop
      vertex 0.000000 0.221731 0.091844
      vertex 0.091844 0.221731 0.000000
      vertex -0.000000 0.240000 0.000000
    endloop
  endfacet
  facet normal 0.000000 0.000000 0.000000
    outer loop
      vertex -0.000000 0.240000 0.000000
      vertex 0.091844 0.221731 0.000000
      vertex 0.000000 0.221731 -0.091844
    endloop
  endfacet
  facet normal 0.000000 0.000000 0.000000
    outer loop
      vertex 0.091844 0.221731 0.000000
      vertex 0.105437 0.188059 -0.105437
      vertex 0.000000 0.221731 -0.091844
    endloop
  endfacet
  facet normal 0.000000 0.000000 0.000000
    outer loop
      vertex 0.000000 0.221731 -0.091844
      vertex 0.105437 0.188059 -0.105437
      vertex 0.000000 0.169706 -0.169706
    endloop
  endfacet
  facet normal 0.000000 0.000000 0.000000
    outer loop
      vertex 0.105437 0.188059 -0.105437
      vertex 0.105437 0.105437 -0.188059
      vertex 0.000000 0.169706 -0.169706
    endloop
  endfacet
  facet normal 0.000000 0.000000 0.000000
    outer loop
      vertex 0.000000 0.169706 -0.169706
      vertex 0.105437 0.105437 -0.188059
      vertex 0.000000 0.091844 -0.221731
    endloop
  endfacet
  facet normal 0.000000 0.000000 0.000000
    outer loop
      vertex 0.105437 0.105437 -0.188059
      vertex 0.091844 0.000000 -0.221731
      vertex 0.000000 0.091844 -0.221731
    endloop
  endfacet
  facet normal 0.000000 0.000000 0.000000
    outer loop
      vertex 0.000000 0.091844 -0.221731
      vertex 0.091844 0.000000 -0.221731
      vertex 0.000000 0.000000 -0.240000
    endloop
  endfacet
  facet normal 0.000000 0.000000 0.000000
    outer loop
      vertex 0.091844 0.221731 0.000000
      vertex 0.169706 0.169706 0.000000
      vertex 0.105437 0.188059 -0.105437
    endloop
  endfacet
  facet normal 0.000000 0.000000 0.000000
    outer loop
      vertex 0.169706 0.169706 0.000000
      vertex 0.188059 0.105437 -0.105437
      vertex 0.105437 0.188059 -0.105437
    endloop
  endfacet
  facet normal 0.000000 0.000000 0.000000
    outer loop
      vertex 0.105437 0.188059 -0.105437
      vertex 0.188059 0.105437 -0.105437
      vertex 0.105437 0.105437 -0.188059
    endloop
  endfacet
  facet normal 0.000000 0.000000 0.000000
    outer loop
      vertex 0.188059 0.105437 -0.105437
      vertex 0.169706 0.000000 -0.169706
      vertex 0.105437 0.105437 -0.188059
    endloop
  endfacet
  facet normal 0.000000 0.000000 0.000000
    outer loop
      vertex 0.105437 0.105437 -0.188059
      vertex 0.169706 0.000000 -0.169706
      vertex 0.091844 0.000000 -0.221731
    endloop
  endfacet
  facet normal 0.000000 0.000000 0.000000
    outer loop
      vertex 0.169706 0.169706 0.000000
      vertex 0.221731 0.091844 0.000000
      vertex 0.188059 0.105437 -0.105437
    endloop
  endfacet
  facet normal 0.000000 0.000000 0.000000
    outer loop
      vertex 0.221731 0.091844 0.000000
      vertex 0.221731 0.000000 -0.091844
      vertex 0.188059 0.105437 -0.105437
    endloop
  endfacet
  facet normal 0.000000 0.000000 0.000000
    outer loop
      vertex 0.188059 0.105437 -0.105437
      vertex 0.221731 0.000000 -0.091844
      vertex 0.169706 0.000000 -0.169706
    endloop
  endfacet
  facet normal 0.000000 0.000000 0.000000
    outer loop
      vertex 0.221731 0.091844 0.000000
      vertex 0.240000 0.000000 0.000000
      vertex 0.221731 0.000000 -0.091844
    endloop
  endfacet
  facet normal 0.000000 0.000000 0.000000
    outer loop
      vertex -0.400000 -0.160000 -0.000000
      vertex -0.400000 -0.147821 0.061229
      vertex -0.400000 0.000000 0.000000
    endloop
  endfacet
  facet normal 0.000000 0.000000 0.000000
    outer loop
      vertex -0.400000 -0.147821 0.061229
      vertex -0.400000 -0.113137 0.113137
      vertex -0.400000 0.000000 0.000000
    endloop
  endfacet
  facet normal 0.000000 0.000000 0.000000
    outer loop
      vertex -0.400000 -0.113137 0.113137
      vertex -0.400000 -0.061229 0.147821
      vertex -0.400000 0.000000 0.000000
    endloop
  endfacet
  facet normal 0.000000 0.000000 0.000000
    outer loop
      vertex -0.400000 -0.061229 0.147821
      vertex -0.400000 -0.000000 0.160000
      vertex -0.400000 0.000000 0.000000
    endloop
  endfacet
  facet normal 0.000000 0.000000 0.000000
    outer loop
      vertex -0.400000 -0.000000 0.160000
      vertex -0.400000 0.061229 0.147821
      vertex -0.400000 0.000000 0.000000
    endloop
  endfacet
  facet normal 0.000000 0.000000 0.000000
    outer loop
      vertex -0.400000 0.061229 0.147821
      vertex -0.400000 0.113137 0.113137
      vertex -0.400000 0.000000 0.000000
    endloop
  endfacet
  facet normal 0.000000 0.000000 0.000000
    outer loop
      vertex -0.400000 0.113137 0.113137
      vertex -0.400000 0.147821 0.061229
      vertex -0.400000 0.000000 0.000000
    endloop
  endfacet
  facet normal 0.000000 0.000000 0.000000
    outer loop
      vertex -0.400000 0.147821 0.061229
      vertex -0.400000 0.160000 0.000000
      vertex -0.400000 0.000000 0.000000
    endloop
  endfacet
  facet normal 0.000000 0.000000 0.000000
    outer loop
      vertex -0.400000 0.160000 0.000000
      vertex -0.400000 0.147821 -0.061229
      vertex -0.400000 0.000000 0.000000
    endloop
  endfacet
  facet normal 0.000000 0.000000 0.000000
    outer loop
      vertex -0.400000 0.147821 -0.061229
      vertex -0.400000 0.113137 -0.113137
      vertex -0.400000 0.000000 0.000000
    endloop
  endfacet
  facet normal 0.000000 0.000000 0.000000
    outer loop
      vertex -0.400000 0.113137 -0.113137
      vertex -0.400000 0.061229 -0.147821
      vertex -0.400000 0.000000 0.000000
    endloop
  endfacet
  facet normal 0.000000 0.000000 0.000000
    outer loop
      vertex -0.400000 0.061229 -0.147821
      vertex -0.400000 0.000000 -0.160000
      vertex -0.400000 0.000000 0.000000
    endloop
  endfacet
  facet normal 0.000000 0.000000 0.000000
    outer loop
      vertex -0.400000 0.000000 -0.160000
      vertex -0.400000 -0.061229 -0.147821
      vertex -0.400000 0.000000 0.000000
    endloop
  endfacet
  facet normal 0.000000 0.000000 0.000000
    outer loop
      vertex -0.400000 -0.061229 -0.147821
      vertex -0.400000 -0.113137 -0.113137
      vertex -0.400000 0.000000 0.000000
    endloop
  endfacet
  facet normal 0.000000 0.000000 0.000000
    outer loop
      vertex -0.400000 -0.113137 -0.113137
      vertex -0.400000 -0.147821 -0.061229
      vertex -0.400000 0.000000 0.000000
    endloop
  endfacet
  facet normal 0.000000 0.000000 0.000000
    outer loop
      vertex -0.400000 -0.147821 -0.061229
      vertex -0.400000 -0.160000 0.000000
      vertex -0.400000 0.000000 0.000000
    endloop
  endfacet
  facet normal 0.000000 0.000000 0.000000
    outer loop
      vertex -0.040000 -0.240000 -0.000000
      vertex 0.000000 -0.240000 -0.000000
      vertex 0.000000 -0.221731 0.091844
    endloop
  endfacet
  facet normal 0.000000 0.000000 0.000000
    outer loop
      vertex -0.040000 -0.240000 -0.000000
      vertex 0.000000 -0.221731 0.091844
      vertex -0.040000 -0.221731 0.091844
    endloop
  endfacet
  facet normal 0.000000 0.000000 0.000000
    outer loop
      vertex -0.040000 -0.221731 0.091844
      vertex 0.000000 -0.221731 0.091844
      vertex 0.000000 -0.169706 0.169706
    endloop
  endfacet
  facet normal 0.000000 0.000000 0.000000
    outer loop
      vertex -0.040000 -0.221731 0.091844
      vertex 0.000000 -0.169706 0.169706
      vertex -0.040000 -0.169706 0.169706
    endloop
  endfacet
  facet normal 0.000000 0.000000 0.000000
    outer loop
      vertex -0.040000 -0.169706 0.169706
      vertex 0.000000 -0.169706 0.169706
      vertex 0.000000 -0.091844 0.221731
    endloop
  endfacet
  facet normal 0.000000 0.000000 0.000000
    outer loop
      vertex -0.040000 -0.169706 0.169706
      vertex 0.000000 -0.091844 0.221731
      vertex -0.040000 -0.091844 0.221731
    endloop
  endfacet
  facet normal 0.000000 0.000000 0.000000
    outer loop
      vertex -0.040000 -0.091844 0.221731
      vertex 0.000000 -0.091844 0.221731
      vertex 0.000000 -0.000000 0.240000
    endloop
  endfacet
  facet normal 0.000000 0.000000 0.000000
    outer loop
      vertex -0.040000 -0.091844 0.221731
      vertex 0.000000 -0.000000 0.240000
      vertex -0.040000 -0.000000 0.240000
    endloop
  endfacet
  facet normal 0.000000 0.000000 0.000000
    outer loop
      vertex -0.040000 -0.000000 0.240000
      vertex 0.000000 -0.000000 0.240000
      vertex 0.000000 0.091844 0.221731
    endloop
  endfacet
  facet normal 0.000000 0.000000 0.000000
    outer loop
      vertex -0.040000 -0.000000 0.240000
      vertex 0.000000 0.091844 0.221731
      vertex -0.040000 0.091844 0.221731
    endloop
  endfacet
  facet normal 0.000000 0.000000 0.000000
    outer loop
      vertex -0.040000 0.091844 0.221731
      vertex 0.000000 0.091844 0.221731
      vertex 0.000000 0.169706 0.169706
    endloop
  endfacet
  facet normal 0.000000 0.000000 0.000000
    outer loop
      vertex -0.040000 0.091844 0.221731
      vertex 0.000000 0.169706 0.169706
      vertex -0.040000 0.169706 0.169706
    endloop
  endfacet
  facet normal 0.000000 0.000000 0.000000
    outer loop
      vertex -0.040000 0.169706 0.169706
      vertex 0.000000 0.169706 0.169706
      vertex 0.000000 0.221731 0.091844
    endloop
  endfacet
  facet normal 0.000000 0.000000 0.000000
    outer loop
      vertex -0.040000 0.169706 0.169706
      vertex 0.000000 0.221731 0.091844
      vertex -0.040000 0.221731 0.091844
    endloop
  endfacet
  facet normal 0.000000 0.000000 0.000000
    outer loop
      vertex -0.040000 0.221731 0.091844
      vertex 0.000000 0.221731 0.091844
      vertex 0.000000 0.240000 0.000000
    endloop
  endfacet
  facet normal 0.000000 0.000000 0.000000
    outer loop
      vertex -0.040000 0.221731 0.091844
      vertex 0.000000 0.240000 0.000000
      vertex -0.040000 0.240000 0.000000
    endloop
  endfacet
  facet normal 0.000000 0.000000 0.000000
    outer loop
      vertex -0.040000 0.240000 0.000000
      vertex 0.000000 0.240000 0.000000
      vertex 0.000000 0.221731 -0.091844
    endloop
  endfacet
  facet normal 0.000000 0.000000 0.000000
    outer loop
      vertex -0.040000 0.240000 0.000000
      vertex 0.000000 0.221731 -0.091844
      vertex -0.040000 0.221731 -0.091844
    endloop
  endfacet
  facet normal 0.000000 0.000000 0.000000
    outer loop
      vertex -0.040000 0.221731 -0.091844
      vertex 0.000000 0.221731 -0.091844
      vertex 0.000000 0.169706 -0.169706
    endloop
  endfacet
  facet normal 0.000000 0.000000 0.000000
    outer loop
      vertex -0.040000 0.221731 -0.091844
      vertex 0.000000 0.169706 -0.169706
      vertex -0.040000 0.169706 -0.169706
    endloop
  endfacet
  facet normal 0.000000 0.000000 0.000000
    outer loop
      vertex -0.040000 0.169706 -0.169706
      vertex 0.000000 0.169706 -0.169706
      vertex 0.000000 0.091844 -0.221731
    endloop
  endfacet
  facet normal 0.000000 0.000000 0.000000
    outer loop
      vertex -0.040000 0.169706 -0.169706
      vertex 0.000000 0.091844 -0.221731
      vertex -0.040000 0.091844 -0.221731
    endloop
  endfacet
  facet normal 0.000000 0.000000 0.000000
    outer loop
      vertex -0.040000 0.091844 -0.221731
      vertex 0.000000 0.091844 -0.221731
      vertex 0.000000 0.000000 -0.240000
    endloop
  endfacet
  facet normal 0.000000 0.000000 0.000000
    outer loop
      vertex -0.040000 0.091844 -0.221731
      vertex 0.000000 0.000000 -0.240000
      vertex -0.040000 0.000000 -0.240000
    endloop
  endfacet
  facet normal 0.000000 0.000000 0.000000
    outer loop
      vertex -0.040000 0.000000 -0.240000
      vertex 0.000000 0.000000 -0.240000
      vertex 0.000000 -0.091844 -0.221731
    endloop
  endfacet
  facet normal 0.000000 0.000000 0.000000
    outer loop
      vertex -0.040000 0.000000 -0.240000
      vertex 0.000000 -0.091844 -0.221731
      vertex -0.040000 -0.091844 -0.221731
    endloop
  endfacet
  facet normal 0.000000 0.000000 0.000000
    outer loop
      vertex -0.040000 -0.091844 -0.221731
      vertex 0.000000 -0.091844 -0.221731
      vertex 0.000000 -0.169706 -0.169706
    endloop
  endfacet
  facet normal 0.000000 0.000000 0.000000
    outer loop
      vertex -0.040000 -0.091844 -0.221731
      vertex 0.000000 -0.169706 -0.169706
      vertex -0.040000 -0.169706 -0.169706
    endloop
  endfacet
  facet normal 0.000000 0.000000 0.000000
    outer loop
      vertex -0.040000 -0.169706 -0.169706
      vertex 0.000000 -0.169706 -0.169706
      vertex 0.000000 -0.221731 -0.091844
    endloop
  endfacet
  facet normal 0.000000 0.000000 0.000000
    outer loop
      vertex -0.040000 -0.169706 -0.169706
      vertex 0.000000 -0.221731 -0.091844
      vertex -0.040000 -0.221731 -0.091844
    endloop
  endfacet
  facet normal 0.000000 0.000000 0.000000
    outer loop
      vertex -0.040000 -0.221731 -0.091844
      vertex 0.000000 -0.221731 -0.091844
      vertex 0.000000 -0.240000 0.000000
    endloop
  endfacet
  facet normal 0.000000 0.000000 0.000000
    outer loop
      vertex -0.040000 -0.221731 -0.091844
      vertex 0.000000 -0.240000 0.000000
      vertex -0.040000 -0.240000 0.000000
    endloop
  endfacet
  facet normal 0.000000 0.000000 0.000000
    outer loop
      vertex -0.040000 -0.160000 -0.000000
      vertex -0.040000 -0.240000 -0.000000
      vertex -0.040000 -0.221731 0.091844
    endloop
  endfacet
  facet normal 0.000000 0.000000 0.000000
    outer loop
      vertex -0.040000 -0.160000 -0.000000
      vertex -0.040000 -0.221731 0.091844
      vertex -0.040000 -0.147821 0.061229
    endloop
  endfacet
  facet normal 0.000000 0.000000 0.000000
    outer loop
      vertex -0.040000 -0.147821 0.061229
      vertex -0.040000 -0.221731 0.091844
      vertex -0.040000 -0.169706 0.169706
    endloop
  endfacet
  facet normal 0.000000 0.000000 0.000000
    outer loop
      vertex -0.040000 -0.147821 0.061229
      vertex -0.040000 -0.169706 0.169706
      vertex -0.040000 -0.113137 0.113137
    endloop
  endfacet
  facet normal 0.000000 0.000000 0.000000
    outer loop
      vertex -0.040000 -0.113137 0.113137
      vertex -0.040000 -0.169706 0.169706
      vertex -0.040000 -0.091844 0.221731
    endloop
  endfacet
  facet normal 0.000000 0.000000 0.000000
    outer loop
      vertex -0.040000 -0.113137 0.113137
      vertex -0.040000 -0.091844 0.221731
      vertex -0.040000 -0.061229 0.147821
    endloop
  endfacet
  facet normal 0.000000 0.000000 0.000000
    outer loop
      vertex -0.040000 -0.061229 0.147821
      vertex -0.040000 -0.091844 0.221731
      vertex -0.040000 -0.000000 0.240000
    endloop
  endfacet
  facet normal 0.000000 0.000000 0.000000
    outer loop
      vertex -0.040000 -0.061229 0.147821
      vertex -0.040000 -0.000000 0.240000
      vertex -0.040000 -0.000000 0.160000
    endloop
  endfacet
  facet normal 0.000000 0.000000 0.000000
    outer loop
      vertex -0.040000 -0.000000 0.160000
      vertex -0.040000 -0.000000 0.240000
      vertex -0.040000 0.091844 0.221731
    endloop
  endfacet
  facet normal 0.000000 0.000000 0.000000
    outer loop
      vertex -0.040000 -0.000000 0.160000
      vertex -0.040000 0.091844 0.221731
      vertex -0.040000 0.061229 0.147821
    endloop
  endfacet
  facet normal 0.000000 0.000000 0.000000
    outer loop
      vertex -0.040000 0.061229 0.147821
      vertex -0.040000 0.091844 0.221731
      vertex -0.040000 0.169706 0.169706
    endloop
  endfacet
  facet normal 0.000000 0.000000 0.000000
    outer loop
      vertex -0.040000 0.061229 0.147821
      vertex -0.040000 0.169706 0.169706
      vertex -0.040000 0.113137 0.113137
    endloop
  endfacet
  facet normal 0.000000 0.000000 0.000000
    outer loop
      vertex -0.040000 0.113137 0.113137
      vertex -0.040000 0.169706 0.169706
      vertex -0.040000 0.221731 0.091844
    endloop
  endfacet
  facet normal 0.000000 0.000000 0.000000
    outer loop
      vertex -0.040000 0.113137 0.113137
      vertex -0.040000 0.221731 0.091844
      vertex -0.040000 0.147821 0.061229
    endloop
  endfacet
  facet normal 0.000000 0.000000 0.000000
    outer loop
      vertex -0.040000 0.147821 0.061229
      vertex -0.040000 0.221731 0.091844
      vertex -0.040000 0.240000 0.000000
    endloop
  endfacet
  facet normal 0.000000 0.000000 0.000000
    outer loop
      vertex -0.040000 0.147821 0.061229
      vertex -0.040000 0.240000 0.000000
      vertex -0.040000 0.160000 0.000000
    endloop
  endfacet
  facet normal 0.000000 0.000000 0.000000
    outer loop
      vertex -0.040000 0.160000 0.000000
      vertex -0.040000 0.240000 0.000000
      vertex -0.040000 0.221731 -0.091844
    endloop
  endfacet
  facet normal 0.000000 0.000000 0.000000
    outer loop
      vertex -0.040000 0.160000 0.000000
      vertex -0.040000 0.221731 -0.091844
      vertex -0.040000 0.147821 -0.061229
    endloop
  endfacet
  facet normal 0.000000 0.000000 0.000000
    outer loop
      vertex -0.040000 0.147821 -0.061229
      vertex -0.040000 0.221731 -0.091844
      vertex -0.040000 0.169706 -0.169706
    endloop
  endfacet
  facet normal 0.000000 0.000000 0.000000
    outer loop
      vertex -0.040000 0.147821 -0.061229
      vertex -0.040000 0.169706 -0.169706
      vertex -0.040000 0.113137 -0.113137
    endloop
  endfacet
  facet normal 0.000000 0.000000 0.000000
    outer loop
      vertex -0.040000 0.113137 -0.113137
      vertex -0.040000 0.169706 -0.169706
      vertex -0.040000 0.091844 -0.221731
    endloop
  endfacet
  facet normal 0.000000 0.000000 0.000000
    outer loop
      vertex -0.040000 0.113137 -0.113137
      vertex -0.040000 0.091844 -0.221731
      vertex -0.040000 0.061229 -0.147821
    endloop
  endfacet
  facet normal 0.000000 0.000000 0.000000
    outer loop
      vertex -0.040000 0.061229 -0.147821
      vertex -0.040000 0.091844 -0.221731
      vertex -0.040000 0.000000 -0.240000
    endloop
  endfacet
  facet normal 0.000000 0.000000 0.000000
    outer loop
      vertex -0.040000 0.061229 -0.147821
      vertex -0.040000 0.000000 -0.240000
      vertex -0.040000 0.000000 -0.160000
    endloop
  endfacet
  facet normal 0.000000 0.000000 0.000000
    outer loop
      vertex -0.040000 0.000000 -0.160000
      vertex -0.040000 0.000000 -0.240000
      vertex -0.040000 -0.091844 -0.221731
    endloop
  endfacet
  facet normal 0.000000 0.000000 0.000000
    outer loop
      vertex -0.040000 0.000000 -0.160000
      vertex -0.040000 -0.091844 -0.221731
      vertex -0.040000 -0.061229 -0.147821
    endloop
  endfacet
  facet normal 0.000000 0.000000 0.000000
    outer loop
      vertex -0.040000 -0.061229 -0.147821
      vertex -0.040000 -0.091844 -0.221731
      vertex -0.040000 -0.169706 -0.169706
    endloop
  endfacet
  facet normal 0.000000 0.000000 0.000000
    outer loop
      vertex -0.040000 -0.061229 -0.147821
      vertex -0.040000 -0.169706 -0.169706
      vertex -0.040000 -0.113137 -0.113137
    endloop
  endfacet
  facet normal 0.000000 0.000000 0.000000
    outer loop
      vertex -0.040000 -0.113137 -0.113137
      vertex -0.040000 -0.169706 -0.169706
      vertex -0.040000 -0.221731 -0.091844
    endloop
  endfacet
  facet normal 0.000000 0.000000 0.000000
    outer loop
      vertex -0.040000 -0.113137 -0.113137
      vertex -0.040000 -0.221731 -0.091844
      vertex -0.040000 -0.147821 -0.061229
    endloop
  endfacet
  facet normal 0.000000 0.000000 0.000000
    outer loop
      vertex -0.040000 -0.147821 -0.061229
      vertex -0.040000 -0.221731 -0.091844
      vertex -0.040000 -0.240000 0.000000
    endloop
  endfacet
  facet normal 0.000000 0.000000 0.000000
    outer loop
      vertex -0.040000 -0.147821 -0.061229
      vertex -0.040000 -0.240000 0.000000
      vertex -0.040000 -0.160000 0.000000
    endloop
  endfacet
  facet normal 0.000000 0.000000 0.000000
    outer loop
      vertex 0.172000 0.060000 -0.140000
      vertex 0.084000 0.060000 -0.440000
      vertex -0.080000 0.060000 -0.320000
    endloop
  endfacet
  facet normal 0.000000 0.000000 0.000000
    outer loop
      vertex 0.172000 0.060000 -0.140000
      vertex -0.080000 0.060000 -0.320000
      vertex -0.080000 0.060000 -0.148000
    endloop
  endfacet
  facet normal 0.000000 0.000000 0.000000
    outer loop
      vertex -0.240000 0.060000 -0.320000
      vertex -0.080000 0.060000 -0.320000
      vertex 0.084000 0.060000 -0.440000
    endloop
  endfacet
  facet normal 0.000000 0.000000 0.000000
    outer loop
      vertex -0.240000 0.060000 -0.320000
      vertex 0.084000 0.060000 -0.440000
      vertex -0.080000 0.060000 -0.440000
    endloop
  endfacet
  facet normal 0.000000 0.000000 0.000000
    outer loop
      vertex -0.240000 -0.060000 -0.320000
      vertex -0.080000 -0.060000 -0.440000
      vertex 0.084000 -0.060000 -0.440000
    endloop
  endfacet
  facet normal 0.000000 0.000000 0.000000
    outer loop
      vertex -0.240000 -0.060000 -0.320000
      vertex 0.084000 -0.060000 -0.440000
      vertex -0.080000 -0.060000 -0.320000
    endloop
  endfacet
  facet normal 0.000000 0.000000 0.000000
    outer loop
      vertex -0.080000 -0.060000 -0.148000
      vertex -0.080000 -0.060000 -0.320000
      vertex 0.084000 -0.060000 -0.440000
    endloop
  endfacet
  facet normal 0.000000 0.000000 0.000000
    outer loop
      vertex -0.080000 -0.060000 -0.148000
      vertex 0.084000 -0.060000 -0.440000
      vertex 0.172000 -0.060000 -0.140000
    endloop
  endfacet
  facet normal 0.000000 0.000000 0.000000
    outer loop
      vertex -0.080000 0.060000 -0.148000
      vertex -0.080000 0.060000 -0.320000
      vertex -0.080000 -0.060000 -0.320000
    endloop
  endfacet
  facet normal 0.000000 0.000000 0.000000
    outer loop
      vertex -0.080000 0.060000 -0.148000
      vertex -0.080000 -0.060000 -0.320000
      vertex -0.080000 -0.060000 -0.148000
    endloop
  endfacet
  facet normal 0.000000 0.000000 0.000000
    outer loop
      vertex -0.080000 0.060000 -0.440000
      vertex 0.084000 0.060000 -0.440000
      vertex 0.084000 -0.060000 -0.440000
    endloop
  endfacet
  facet normal 0.000000 0.000000 0.000000
    outer loop
      vertex -0.080000 0.060000 -0.440000
      vertex 0.084000 -0.060000 -0.440000
      vertex -0.080000 -0.060000 -0.440000
    endloop
  endfacet
  facet normal 0.000000 0.000000 0.000000
    outer loop
      vertex 0.084000 0.060000 -0.440000
      vertex 0.172000 0.060000 -0.140000
      vertex 0.172000 -0.060000 -0.140000
    endloop
  endfacet
  facet normal 0.000000 0.000000 0.000000
    outer loop
      vertex 0.084000 0.060000 -0.440000
      vertex 0.172000 -0.060000 -0.140000
      vertex 0.084000 -0.060000 -0.440000
    endloop
  endfacet
  facet normal 0.000000 0.000000 0.000000
    outer loop
      vertex -0.080000 -0.060000 0.320000
      vertex -0.080000 -0.060000 0.148000
      vertex 0.172000 -0.060000 0.140000
    endloop
  endfacet
  facet normal 0.000000 0.000000 0.000000
    outer loop
      vertex -0.080000 -0.060000 0.320000
      vertex 0.172000 -0.060000 0.140000
      vertex 0.084000 -0.060000 0.440000
    endloop
  endfacet
  facet normal 0.000000 0.000000 0.000000
    outer loop
      vertex -0.240000 -0.060000 0.320000
      vertex -0.080000 -0.060000 0.320000
      vertex 0.084000 -0.060000 0.440000
    endloop
  endfacet
  facet normal 0.000000 0.000000 0.000000
    outer loop
      vertex -0.240000 -0.060000 0.320000
      vertex 0.084000 -0.060000 0.440000
      vertex -0.080000 -0.060000 0.440000
    endloop
  endfacet
  facet normal 0.000000 0.000000 0.000000
    outer loop
      vertex -0.240000 0.060000 0.320000
      vertex -0.080000 0.060000 0.440000
      vertex 0.084000 0.060000 0.440000
    endloop
  endfacet
  facet normal 0.000000 0.000000 0.000000
    outer loop
      vertex -0.240000 0.060000 0.320000
      vertex 0.084000 0.060000 0.440000
      vertex -0.080000 0.060000 0.320000
    endloop
  endfacet
  facet normal 0.000000 0.000000 0.000000
    outer loop
      vertex -0.080000 0.060000 0.148000
      vertex -0.080000 0.060000 0.320000
      vertex 0.084000 0.060000 0.440000
    endloop
  endfacet
  facet normal 0.000000 0.000000 0.000000
    outer loop
      vertex -0.080000 0.060000 0.148000
      vertex 0.084000 0.060000 0.440000
      vertex 0.172000 0.060000 0.140000
    endloop
  endfacet
  facet normal 0.000000 0.000000 0.000000
    outer loop
      vertex -0.080000 -0.060000 0.148000
      vertex -0.080000 -0.060000 0.320000
      vertex -0.080000 0.060000 0.320000
    endloop
  endfacet
  facet normal 0.000000 0.000000 0.000000
    outer loop
      vertex -0.080000 -0.060000 0.148000
      vertex -0.080000 0.060000 0.320000
      vertex -0.080000 0.060000 0.148000
    endloop
  endfacet
  facet normal 0.000000 0.000000 0.000000
    outer loop
      vertex -0.080000 -0.060000 0.440000
      vertex 0.084000 -0.060000 0.440000
      vertex 0.084000 0.060000 0.440000
    endloop
  endfacet
  facet normal 0.000000 0.000000 0.000000
    outer loop
      vertex -0.080000 -0.060000 0.440000
      vertex 0.084000 0.060000 0.440000
      vertex -0.080000 0.060000 0.440000
    endloop
  endfacet
  facet normal 0.000000 0.000000 0.000000
    outer loop
      vertex 0.084000 -0.060000 0.440000
      vertex 0.172000 -0.060000 0.140000
      vertex 0.172000 0.060000 0.140000
    endloop
  endfacet
  facet normal 0.000000 0.000000 0.000000
    outer loop
      vertex 0.084000 -0.060000 0.440000
      vertex 0.172000 0.060000 0.140000
      vertex 0.084000 0.060000 0.440000
    endloop
  endfacet
  facet normal 0.000000 0.000000 0.000000
    outer loop
      vertex -0.240000 -0.060000 0.320000
      vertex -0.080000 -0.060000 0.440000
      vertex -0.080000 -0.060000 0.560000
    endloop
  endfacet
  facet normal 0.000000 0.000000 0.000000
    outer loop
      vertex -0.240000 -0.060000 0.320000
      vertex -0.080000 -0.060000 0.560000
      vertex -0.240000 -0.060000 0.560000
    endloop
  endfacet
  facet normal 0.000000 0.000000 0.000000
    outer loop
      vertex -0.240000 0.060000 0.560000
      vertex -0.240000 -0.060000 0.560000
      vertex -0.080000 -0.060000 0.560000
    endloop
  endfacet
  facet normal 0.000000 0.000000 0.000000
    outer loop
      vertex -0.240000 0.060000 0.560000
      vertex -0.080000 -0.060000 0.560000
      vertex -0.080000 0.060000 0.560000
    endloop
  endfacet
  facet normal 0.000000 0.000000 0.000000
    outer loop
      vertex -0.080000 0.060000 0.560000
      vertex -0.080000 -0.060000 0.560000
      vertex -0.080000 -0.060000 0.440000
    endloop
  endfacet
  facet normal 0.000000 0.000000 0.000000
    outer loop
      vertex -0.080000 0.060000 0.560000
      vertex -0.080000 -0.060000 0.440000
      vertex -0.080000 0.060000 0.440000
    endloop
  endfacet
  facet normal 0.000000 0.000000 0.000000
    outer loop
      vertex -0.080000 0.060000 0.320000
      vertex -0.080000 -0.060000 0.320000
      vertex -0.240000 -0.060000 0.320000
    endloop
  endfacet
  facet normal 0.000000 0.000000 0.000000
    outer loop
      vertex -0.080000 0.060000 0.320000
      vertex -0.240000 -0.060000 0.320000
      vertex -0.240000 0.060000 0.320000
    endloop
  endfacet
  facet normal 0.000000 0.000000 0.000000
    outer loop
      vertex -0.240000 -0.060000 0.320000
      vertex -0.240000 -0.060000 0.560000
      vertex -0.240000 0.060000 0.560000
    endloop
  endfacet
  facet normal 0.000000 0.000000 0.000000
    outer loop
      vertex -0.240000 -0.060000 0.320000
      vertex -0.240000 0.060000 0.560000
      vertex -0.240000 0.060000 0.320000
    endloop
  endfacet
  facet normal 0.000000 0.000000 0.000000
    outer loop
      vertex -0.240000 0.060000 0.320000
      vertex -0.240000 0.060000 0.560000
      vertex -0.080000 0.060000 0.560000
    endloop
  endfacet
  facet normal 0.000000 0.000000 0.000000
    outer loop
      vertex -0.240000 0.060000 0.320000
      vertex -0.080000 0.060000 0.560000
      vertex -0.080000 0.060000 0.440000
    endloop
  endfacet
  facet normal 0.000000 0.000000 0.000000
    outer loop
      vertex -0.080000 -0.060000 -0.560000
      vertex -0.080000 -0.060000 -0.440000
      vertex -0.240000 -0.060000 -0.320000
    endloop
  endfacet
  facet normal 0.000000 0.000000 0.000000
    outer loop
      vertex -0.080000 -0.060000 -0.560000
      vertex -0.240000 -0.060000 -0.320000
      vertex -0.240000 -0.060000 -0.560000
    endloop
  endfacet
  facet normal 0.000000 0.000000 0.000000
    outer loop
      vertex -0.080000 -0.060000 -0.560000
      vertex -0.240000 -0.060000 -0.560000
      vertex -0.240000 0.060000 -0.560000
    endloop
  endfacet
  facet normal 0.000000 0.000000 0.000000
    outer loop
      vertex -0.080000 -0.060000 -0.560000
      vertex -0.240000 0.060000 -0.560000
      vertex -0.080000 0.060000 -0.560000
    endloop
  endfacet
  facet normal 0.000000 0.000000 0.000000
    outer loop
      vertex -0.080000 -0.060000 -0.440000
      vertex -0.080000 -0.060000 -0.560000
      vertex -0.080000 0.060000 -0.560000
    endloop
  endfacet
  facet normal 0.000000 0.000000 0.000000
    outer loop
      vertex -0.080000 -0.060000 -0.440000
      vertex -0.080000 0.060000 -0.560000
      vertex -0.080000 0.060000 -0.440000
    endloop
  endfacet
  facet normal 0.000000 0.000000 0.000000
    outer loop
      vertex -0.240000 -0.060000 -0.320000
      vertex -0.080000 -0.060000 -0.320000
      vertex -0.080000 0.060000 -0.320000
    endloop
  endfacet
  facet normal 0.000000 0.000000 0.000000
    outer loop
      vertex -0.240000 -0.060000 -0.320000
      vertex -0.080000 0.060000 -0.320000
      vertex -0.240000 0.060000 -0.320000
    endloop
  endfacet
  facet normal 0.000000 0.000000 0.000000
    outer loop
      vertex -0.240000 0.060000 -0.560000
      vertex -0.240000 -0.060000 -0.560000
      vertex -0.240000 -0.060000 -0.320000
    endloop
  endfacet
  facet normal 0.000000 0.000000 0.000000
    outer loop
      vertex -0.240000 0.060000 -0.560000
      vertex -0.240000 -0.060000 -0.320000
      vertex -0.240000 0.060000 -0.320000
    endloop
  endfacet
  facet normal 0.000000 0.000000 0.000000
    outer loop
      vertex -0.080000 0.060000 -0.560000
      vertex -0.240000 0.060000 -0.560000
      vertex -0.240000 0.060000 -0.320000
    endloop
  endfacet
  facet normal 0.000000 0.000000 0.000000
    outer loop
      vertex -0.080000 0.060000 -0.560000
