solid MYSOLID created by LDView, original data in 32494.dat
  facet normal 0.000000 0.000000 0.000000
    outer loop
      vertex 0.240000 -0.000000 0.000000
      vertex 0.221731 0.091844 0.000000
      vertex 0.221731 0.000000 0.091844
    endloop
  endfacet
  facet normal 0.000000 0.000000 0.000000
    outer loop
      vertex 0.221731 0.091844 0.000000
      vertex 0.188059 0.105437 0.105437
      vertex 0.221731 0.000000 0.091844
    endloop
  endfacet
  facet normal 0.000000 0.000000 0.000000
    outer loop
      vertex 0.221731 0.000000 0.091844
      vertex 0.188059 0.105437 0.105437
      vertex 0.169706 0.000000 0.169706
    endloop
  endfacet
  facet normal 0.000000 0.000000 0.000000
    outer loop
      vertex 0.188059 0.105437 0.105437
      vertex 0.105437 0.105437 0.188059
      vertex 0.169706 0.000000 0.169706
    endloop
  endfacet
  facet normal 0.000000 0.000000 0.000000
    outer loop
      vertex 0.169706 0.000000 0.169706
      vertex 0.105437 0.105437 0.188059
      vertex 0.091844 0.000000 0.221731
    endloop
  endfacet
  facet normal 0.000000 0.000000 0.000000
    outer loop
      vertex 0.105437 0.105437 0.188059
      vertex 0.000000 0.091844 0.221731
      vertex 0.091844 0.000000 0.221731
    endloop
  endfacet
  facet normal 0.000000 0.000000 0.000000
    outer loop
      vertex 0.091844 0.000000 0.221731
      vertex 0.000000 0.091844 0.221731
      vertex 0.000000 0.000000 0.240000
    endloop
  endfacet
  facet normal 0.000000 0.000000 0.000000
    outer loop
      vertex 0.221731 0.091844 0.000000
      vertex 0.169706 0.169706 0.000000
      vertex 0.188059 0.105437 0.105437
    endloop
  endfacet
  facet normal 0.000000 0.000000 0.000000
    outer loop
      vertex 0.169706 0.169706 0.000000
      vertex 0.105437 0.188059 0.105437
      vertex 0.188059 0.105437 0.105437
    endloop
  endfacet
  facet normal 0.000000 0.000000 0.000000
    outer loop
      vertex 0.188059 0.105437 0.105437
      vertex 0.105437 0.188059 0.105437
      vertex 0.105437 0.105437 0.188059
    endloop
  endfacet
  facet normal 0.000000 0.000000 0.000000
    outer loop
      vertex 0.105437 0.188059 0.105437
      vertex 0.000000 0.169706 0.169706
      vertex 0.105437 0.105437 0.188059
    endloop
  endfacet
  facet normal 0.000000 0.000000 0.000000
    outer loop
      vertex 0.105437 0.105437 0.188059
      vertex 0.000000 0.169706 0.169706
      vertex 0.000000 0.091844 0.221731
    endloop
  endfacet
  facet normal 0.000000 0.000000 0.000000
    outer loop
      vertex 0.169706 0.169706 0.000000
      vertex 0.091844 0.221731 0.000000
      vertex 0.105437 0.188059 0.105437
    endloop
  endfacet
  facet normal 0.000000 0.000000 0.000000
    outer loop
      vertex 0.091844 0.221731 0.000000
      vertex 0.000000 0.221731 0.091844
      vertex 0.105437 0.188059 0.105437
    endloop
  endfacet
  facet normal 0.000000 0.000000 0.000000
    outer loop
      vertex 0.105437 0.188059 0.105437
      vertex 0.000000 0.221731 0.091844
      vertex 0.000000 0.169706 0.169706
    endloop
  endfacet
  facet normal 0.000000 0.000000 0.000000
    outer loop
      vertex 0.091844 0.221731 0.000000
      vertex 0.000000 0.240000 -0.000000
      vertex 0.000000 0.221731 0.091844
    endloop
  endfacet
  facet normal 0.000000 0.000000 0.000000
    outer loop
      vertex 0.000000 0.221731 -0.091844
      vertex 0.000000 0.240000 0.000000
      vertex 0.091844 0.221731 0.000000
    endloop
  endfacet
  facet normal 0.000000 0.000000 0.000000
    outer loop
      vertex 0.000000 0.169706 -0.169706
      vertex 0.000000 0.221731 -0.091844
      vertex 0.105437 0.188059 -0.105437
    endloop
  endfacet
  facet normal 0.000000 0.000000 0.000000
    outer loop
      vertex 0.105437 0.188059 -0.105437
      vertex 0.000000 0.221731 -0.091844
      vertex 0.091844 0.221731 0.000000
    endloop
  endfacet
  facet normal 0.000000 0.000000 0.000000
    outer loop
      vertex 0.105437 0.188059 -0.105437
      vertex 0.091844 0.221731 0.000000
      vertex 0.169706 0.169706 0.000000
    endloop
  endfacet
  facet normal 0.000000 0.000000 0.000000
    outer loop
      vertex 0.000000 0.091844 -0.221731
      vertex 0.000000 0.169706 -0.169706
      vertex 0.105437 0.105437 -0.188059
    endloop
  endfacet
  facet normal 0.000000 0.000000 0.000000
    outer loop
      vertex 0.105437 0.105437 -0.188059
      vertex 0.000000 0.169706 -0.169706
      vertex 0.105437 0.188059 -0.105437
    endloop
  endfacet
  facet normal 0.000000 0.000000 0.000000
    outer loop
      vertex 0.105437 0.105437 -0.188059
      vertex 0.105437 0.188059 -0.105437
      vertex 0.188059 0.105437 -0.105437
    endloop
  endfacet
  facet normal 0.000000 0.000000 0.000000
    outer loop
      vertex 0.188059 0.105437 -0.105437
      vertex 0.105437 0.188059 -0.105437
      vertex 0.169706 0.169706 0.000000
    endloop
  endfacet
  facet normal 0.000000 0.000000 0.000000
    outer loop
      vertex 0.188059 0.105437 -0.105437
      vertex 0.169706 0.169706 0.000000
      vertex 0.221731 0.091844 0.000000
    endloop
  endfacet
  facet normal 0.000000 0.000000 0.000000
    outer loop
      vertex 0.000000 0.000000 -0.240000
      vertex 0.000000 0.091844 -0.221731
      vertex 0.091844 0.000000 -0.221731
    endloop
  endfacet
  facet normal 0.000000 0.000000 0.000000
    outer loop
      vertex 0.091844 0.000000 -0.221731
      vertex 0.000000 0.091844 -0.221731
      vertex 0.105437 0.105437 -0.188059
    endloop
  endfacet
  facet normal 0.000000 0.000000 0.000000
    outer loop
      vertex 0.091844 0.000000 -0.221731
      vertex 0.105437 0.105437 -0.188059
      vertex 0.169706 0.000000 -0.169706
    endloop
  endfacet
  facet normal 0.000000 0.000000 0.000000
    outer loop
      vertex 0.169706 0.000000 -0.169706
      vertex 0.105437 0.105437 -0.188059
      vertex 0.188059 0.105437 -0.105437
    endloop
  endfacet
  facet normal 0.000000 0.000000 0.000000
    outer loop
      vertex 0.169706 0.000000 -0.169706
      vertex 0.188059 0.105437 -0.105437
      vertex 0.221731 0.000000 -0.091844
    endloop
  endfacet
  facet normal 0.000000 0.000000 0.000000
    outer loop
      vertex 0.221731 0.000000 -0.091844
      vertex 0.188059 0.105437 -0.105437
      vertex 0.221731 0.091844 0.000000
    endloop
  endfacet
  facet normal 0.000000 0.000000 0.000000
    outer loop
      vertex 0.221731 0.000000 -0.091844
      vertex 0.221731 0.091844 0.000000
      vertex 0.240000 -0.000000 0.000000
    endloop
  endfacet
  facet normal 0.000000 0.000000 0.000000
    outer loop
      vertex 0.000000 -0.221731 0.091844
      vertex 0.000000 -0.240000 -0.000000
      vertex 0.091844 -0.221731 0.000000
    endloop
  endfacet
  facet normal 0.000000 0.000000 0.000000
    outer loop
      vertex 0.000000 -0.169706 0.169706
      vertex 0.000000 -0.221731 0.091844
      vertex 0.105437 -0.188059 0.105437
    endloop
  endfacet
  facet normal 0.000000 0.000000 0.000000
    outer loop
      vertex 0.105437 -0.188059 0.105437
      vertex 0.000000 -0.221731 0.091844
      vertex 0.091844 -0.221731 0.000000
    endloop
  endfacet
  facet normal 0.000000 0.000000 0.000000
    outer loop
      vertex 0.105437 -0.188059 0.105437
      vertex 0.091844 -0.221731 0.000000
      vertex 0.169706 -0.169706 0.000000
    endloop
  endfacet
  facet normal 0.000000 0.000000 0.000000
    outer loop
      vertex 0.000000 -0.091844 0.221731
      vertex 0.000000 -0.169706 0.169706
      vertex 0.105437 -0.105437 0.188059
    endloop
  endfacet
  facet normal 0.000000 0.000000 0.000000
    outer loop
      vertex 0.105437 -0.105437 0.188059
      vertex 0.000000 -0.169706 0.169706
      vertex 0.105437 -0.188059 0.105437
    endloop
  endfacet
  facet normal 0.000000 0.000000 0.000000
    outer loop
      vertex 0.105437 -0.105437 0.188059
      vertex 0.105437 -0.188059 0.105437
      vertex 0.188059 -0.105437 0.105437
    endloop
  endfacet
  facet normal 0.000000 0.000000 0.000000
    outer loop
      vertex 0.188059 -0.105437 0.105437
      vertex 0.105437 -0.188059 0.105437
      vertex 0.169706 -0.169706 0.000000
    endloop
  endfacet
  facet normal 0.000000 0.000000 0.000000
    outer loop
      vertex 0.188059 -0.105437 0.105437
      vertex 0.169706 -0.169706 0.000000
      vertex 0.221731 -0.091844 0.000000
    endloop
  endfacet
  facet normal 0.000000 0.000000 0.000000
    outer loop
      vertex 0.000000 0.000000 0.240000
      vertex 0.000000 -0.091844 0.221731
      vertex 0.091844 0.000000 0.221731
    endloop
  endfacet
  facet normal 0.000000 0.000000 0.000000
    outer loop
      vertex 0.091844 0.000000 0.221731
      vertex 0.000000 -0.091844 0.221731
      vertex 0.105437 -0.105437 0.188059
    endloop
  endfacet
  facet normal 0.000000 0.000000 0.000000
    outer loop
      vertex 0.091844 0.000000 0.221731
      vertex 0.105437 -0.105437 0.188059
      vertex 0.169706 0.000000 0.169706
    endloop
  endfacet
  facet normal 0.000000 0.000000 0.000000
    outer loop
      vertex 0.169706 0.000000 0.169706
      vertex 0.105437 -0.105437 0.188059
      vertex 0.188059 -0.105437 0.105437
    endloop
  endfacet
  facet normal 0.000000 0.000000 0.000000
    outer loop
      vertex 0.169706 0.000000 0.169706
      vertex 0.188059 -0.105437 0.105437
      vertex 0.221731 0.000000 0.091844
    endloop
  endfacet
  facet normal 0.000000 0.000000 0.000000
    outer loop
      vertex 0.221731 0.000000 0.091844
      vertex 0.188059 -0.105437 0.105437
      vertex 0.221731 -0.091844 0.000000
    endloop
  endfacet
  facet normal 0.000000 0.000000 0.000000
    outer loop
      vertex 0.221731 0.000000 0.091844
      vertex 0.221731 -0.091844 0.000000
      vertex 0.240000 0.000000 0.000000
    endloop
  endfacet
  facet normal 0.000000 0.000000 0.000000
    outer loop
      vertex 0.240000 0.000000 0.000000
      vertex 0.221731 -0.091844 0.000000
      vertex 0.221731 0.000000 -0.091844
    endloop
  endfacet
  facet normal 0.000000 0.000000 0.000000
    outer loop
      vertex 0.221731 -0.091844 0.000000
      vertex 0.188059 -0.105437 -0.105437
      vertex 0.221731 0.000000 -0.091844
    endloop
  endfacet
  facet normal 0.000000 0.000000 0.000000
    outer loop
      vertex 0.221731 0.000000 -0.091844
      vertex 0.188059 -0.105437 -0.105437
      vertex 0.169706 0.000000 -0.169706
    endloop
  endfacet
  facet normal 0.000000 0.000000 0.000000
    outer loop
      vertex 0.188059 -0.105437 -0.105437
      vertex 0.105437 -0.105437 -0.188059
      vertex 0.169706 0.000000 -0.169706
    endloop
  endfacet
  facet normal 0.000000 0.000000 0.000000
    outer loop
      vertex 0.169706 0.000000 -0.169706
      vertex 0.105437 -0.105437 -0.188059
      vertex 0.091844 0.000000 -0.221731
    endloop
  endfacet
  facet normal 0.000000 0.000000 0.000000
    outer loop
      vertex 0.105437 -0.105437 -0.188059
      vertex 0.000000 -0.091844 -0.221731
      vertex 0.091844 0.000000 -0.221731
    endloop
  endfacet
  facet normal 0.000000 0.000000 0.000000
    outer loop
      vertex 0.091844 0.000000 -0.221731
      vertex 0.000000 -0.091844 -0.221731
      vertex 0.000000 0.000000 -0.240000
    endloop
  endfacet
  facet normal 0.000000 0.000000 0.000000
    outer loop
      vertex 0.221731 -0.091844 0.000000
      vertex 0.169706 -0.169706 0.000000
      vertex 0.188059 -0.105437 -0.105437
    endloop
  endfacet
  facet normal 0.000000 0.000000 0.000000
    outer loop
      vertex 0.169706 -0.169706 0.000000
      vertex 0.105437 -0.188059 -0.105437
      vertex 0.188059 -0.105437 -0.105437
    endloop
  endfacet
  facet normal 0.000000 0.000000 0.000000
    outer loop
      vertex 0.188059 -0.105437 -0.105437
      vertex 0.105437 -0.188059 -0.105437
      vertex 0.105437 -0.105437 -0.188059
    endloop
  endfacet
  facet normal 0.000000 0.000000 0.000000
    outer loop
      vertex 0.105437 -0.188059 -0.105437
      vertex 0.000000 -0.169706 -0.169706
      vertex 0.105437 -0.105437 -0.188059
    endloop
  endfacet
  facet normal 0.000000 0.000000 0.000000
    outer loop
      vertex 0.105437 -0.105437 -0.188059
      vertex 0.000000 -0.169706 -0.169706
      vertex 0.000000 -0.091844 -0.221731
    endloop
  endfacet
  facet normal 0.000000 0.000000 0.000000
    outer loop
      vertex 0.169706 -0.169706 0.000000
      vertex 0.091844 -0.221731 0.000000
      vertex 0.105437 -0.188059 -0.105437
    endloop
  endfacet
  facet normal 0.000000 0.000000 0.000000
    outer loop
      vertex 0.091844 -0.221731 0.000000
      vertex 0.000000 -0.221731 -0.091844
      vertex 0.105437 -0.188059 -0.105437
    endloop
  endfacet
  facet normal 0.000000 0.000000 0.000000
    outer loop
      vertex 0.105437 -0.188059 -0.105437
      vertex 0.000000 -0.221731 -0.091844
      vertex 0.000000 -0.169706 -0.169706
    endloop
  endfacet
  facet normal 0.000000 0.000000 0.000000
    outer loop
      vertex 0.091844 -0.221731 0.000000
      vertex 0.000000 -0.240000 0.000000
      vertex 0.000000 -0.221731 -0.091844
    endloop
  endfacet
  facet normal 0.000000 0.000000 0.000000
    outer loop
      vertex 0.000000 0.221731 0.091844
      vertex 0.000000 0.240000 -0.000000
      vertex -0.091844 0.221731 0.000000
    endloop
  endfacet
  facet normal 0.000000 0.000000 0.000000
    outer loop
      vertex 0.000000 0.169706 0.169706
      vertex 0.000000 0.221731 0.091844
      vertex -0.105437 0.188059 0.105437
    endloop
  endfacet
  facet normal 0.000000 0.000000 0.000000
    outer loop
      vertex -0.105437 0.188059 0.105437
      vertex 0.000000 0.221731 0.091844
      vertex -0.091844 0.221731 0.000000
    endloop
  endfacet
  facet normal 0.000000 0.000000 0.000000
    outer loop
      vertex -0.105437 0.188059 0.105437
      vertex -0.091844 0.221731 0.000000
      vertex -0.169706 0.169706 0.000000
    endloop
  endfacet
  facet normal 0.000000 0.000000 0.000000
    outer loop
      vertex 0.000000 0.091844 0.221731
      vertex 0.000000 0.169706 0.169706
      vertex -0.105437 0.105437 0.188059
    endloop
  endfacet
  facet normal 0.000000 0.000000 0.000000
    outer loop
      vertex -0.105437 0.105437 0.188059
      vertex 0.000000 0.169706 0.169706
      vertex -0.105437 0.188059 0.105437
    endloop
  endfacet
  facet normal 0.000000 0.000000 0.000000
    outer loop
      vertex -0.105437 0.105437 0.188059
      vertex -0.105437 0.188059 0.105437
      vertex -0.188059 0.105437 0.105437
    endloop
  endfacet
  facet normal 0.000000 0.000000 0.000000
    outer loop
      vertex -0.188059 0.105437 0.105437
      vertex -0.105437 0.188059 0.105437
      vertex -0.169706 0.169706 0.000000
    endloop
  endfacet
  facet normal 0.000000 0.000000 0.000000
    outer loop
      vertex -0.188059 0.105437 0.105437
      vertex -0.169706 0.169706 0.000000
      vertex -0.221731 0.091844 0.000000
    endloop
  endfacet
  facet normal 0.000000 0.000000 0.000000
    outer loop
      vertex 0.000000 0.000000 0.240000
      vertex 0.000000 0.091844 0.221731
      vertex -0.091844 0.000000 0.221731
    endloop
  endfacet
  facet normal 0.000000 0.000000 0.000000
    outer loop
      vertex -0.091844 0.000000 0.221731
      vertex 0.000000 0.091844 0.221731
      vertex -0.105437 0.105437 0.188059
    endloop
  endfacet
  facet normal 0.000000 0.000000 0.000000
    outer loop
      vertex -0.091844 0.000000 0.221731
      vertex -0.105437 0.105437 0.188059
      vertex -0.169706 0.000000 0.169706
    endloop
  endfacet
  facet normal 0.000000 0.000000 0.000000
    outer loop
      vertex -0.169706 0.000000 0.169706
      vertex -0.105437 0.105437 0.188059
      vertex -0.188059 0.105437 0.105437
    endloop
  endfacet
  facet normal 0.000000 0.000000 0.000000
    outer loop
      vertex -0.169706 0.000000 0.169706
      vertex -0.188059 0.105437 0.105437
      vertex -0.221731 0.000000 0.091844
    endloop
  endfacet
  facet normal 0.000000 0.000000 0.000000
    outer loop
      vertex -0.221731 0.000000 0.091844
      vertex -0.188059 0.105437 0.105437
      vertex -0.221731 0.091844 0.000000
    endloop
  endfacet
  facet normal 0.000000 0.000000 0.000000
    outer loop
      vertex -0.221731 0.000000 0.091844
      vertex -0.221731 0.091844 0.000000
      vertex -0.240000 -0.000000 0.000000
    endloop
  endfacet
  facet normal 0.000000 0.000000 0.000000
    outer loop
      vertex -0.240000 -0.000000 0.000000
      vertex -0.221731 0.091844 0.000000
      vertex -0.221731 0.000000 -0.091844
    endloop
  endfacet
  facet normal 0.000000 0.000000 0.000000
    outer loop
      vertex -0.221731 0.091844 0.000000
      vertex -0.188059 0.105437 -0.105437
      vertex -0.221731 0.000000 -0.091844
    endloop
  endfacet
  facet normal 0.000000 0.000000 0.000000
    outer loop
      vertex -0.221731 0.000000 -0.091844
      vertex -0.188059 0.105437 -0.105437
      vertex -0.169706 0.000000 -0.169706
    endloop
  endfacet
  facet normal 0.000000 0.000000 0.000000
    outer loop
      vertex -0.188059 0.105437 -0.105437
      vertex -0.105437 0.105437 -0.188059
      vertex -0.169706 0.000000 -0.169706
    endloop
  endfacet
  facet normal 0.000000 0.000000 0.000000
    outer loop
      vertex -0.169706 0.000000 -0.169706
      vertex -0.105437 0.105437 -0.188059
      vertex -0.091844 0.000000 -0.221731
    endloop
  endfacet
  facet normal 0.000000 0.000000 0.000000
    outer loop
      vertex -0.105437 0.105437 -0.188059
      vertex 0.000000 0.091844 -0.221731
      vertex -0.091844 0.000000 -0.221731
    endloop
  endfacet
  facet normal 0.000000 0.000000 0.000000
    outer loop
      vertex -0.091844 0.000000 -0.221731
      vertex 0.000000 0.091844 -0.221731
      vertex 0.000000 0.000000 -0.240000
    endloop
  endfacet
  facet normal 0.000000 0.000000 0.000000
    outer loop
      vertex -0.221731 0.091844 0.000000
      vertex -0.169706 0.169706 0.000000
      vertex -0.188059 0.105437 -0.105437
    endloop
  endfacet
  facet normal 0.000000 0.000000 0.000000
    outer loop
      vertex -0.169706 0.169706 0.000000
      vertex -0.105437 0.188059 -0.105437
      vertex -0.188059 0.105437 -0.105437
    endloop
  endfacet
  facet normal 0.000000 0.000000 0.000000
    outer loop
      vertex -0.188059 0.105437 -0.105437
      vertex -0.105437 0.188059 -0.105437
      vertex -0.105437 0.105437 -0.188059
    endloop
  endfacet
  facet normal 0.000000 0.000000 0.000000
    outer loop
      vertex -0.105437 0.188059 -0.105437
      vertex 0.000000 0.169706 -0.169706
      vertex -0.105437 0.105437 -0.188059
    endloop
  endfacet
  facet normal 0.000000 0.000000 0.000000
    outer loop
      vertex -0.105437 0.105437 -0.188059
      vertex 0.000000 0.169706 -0.169706
      vertex 0.000000 0.091844 -0.221731
    endloop
  endfacet
  facet normal 0.000000 0.000000 0.000000
    outer loop
      vertex -0.169706 0.169706 0.000000
      vertex -0.091844 0.221731 0.000000
      vertex -0.105437 0.188059 -0.105437
    endloop
  endfacet
  facet normal 0.000000 0.000000 0.000000
    outer loop
      vertex -0.091844 0.221731 0.000000
      vertex 0.000000 0.221731 -0.091844
      vertex -0.105437 0.188059 -0.105437
    endloop
  endfacet
  facet normal 0.000000 0.000000 0.000000
    outer loop
      vertex -0.105437 0.188059 -0.105437
      vertex 0.000000 0.221731 -0.091844
      vertex 0.000000 0.169706 -0.169706
    endloop
  endfacet
  facet normal 0.000000 0.000000 0.000000
    outer loop
      vertex -0.091844 0.221731 0.000000
      vertex 0.000000 0.240000 0.000000
      vertex 0.000000 0.221731 -0.091844
    endloop
  endfacet
  facet normal 0.000000 0.000000 0.000000
    outer loop
      vertex -0.240000 0.000000 0.000000
      vertex -0.221731 -0.091844 0.000000
      vertex -0.221731 0.000000 0.091844
    endloop
  endfacet
  facet normal 0.000000 0.000000 0.000000
    outer loop
      vertex -0.221731 -0.091844 0.000000
      vertex -0.188059 -0.105437 0.105437
      vertex -0.221731 0.000000 0.091844
    endloop
  endfacet
  facet normal 0.000000 0.000000 0.000000
    outer loop
      vertex -0.221731 0.000000 0.091844
      vertex -0.188059 -0.105437 0.105437
      vertex -0.169706 0.000000 0.169706
    endloop
  endfacet
  facet normal 0.000000 0.000000 0.000000
    outer loop
      vertex -0.188059 -0.105437 0.105437
      vertex -0.105437 -0.105437 0.188059
      vertex -0.169706 0.000000 0.169706
    endloop
  endfacet
  facet normal 0.000000 0.000000 0.000000
    outer loop
      vertex -0.169706 0.000000 0.169706
      vertex -0.105437 -0.105437 0.188059
      vertex -0.091844 0.000000 0.221731
    endloop
  endfacet
  facet normal 0.000000 0.000000 0.000000
    outer loop
      vertex -0.105437 -0.105437 0.188059
      vertex 0.000000 -0.091844 0.221731
      vertex -0.091844 0.000000 0.221731
    endloop
  endfacet
  facet normal 0.000000 0.000000 0.000000
    outer loop
      vertex -0.091844 0.000000 0.221731
      vertex 0.000000 -0.091844 0.221731
      vertex 0.000000 0.000000 0.240000
    endloop
  endfacet
  facet normal 0.000000 0.000000 0.000000
    outer loop
      vertex -0.221731 -0.091844 0.000000
      vertex -0.169706 -0.169706 0.000000
      vertex -0.188059 -0.105437 0.105437
    endloop
  endfacet
  facet normal 0.000000 0.000000 0.000000
    outer loop
      vertex -0.169706 -0.169706 0.000000
      vertex -0.105437 -0.188059 0.105437
      vertex -0.188059 -0.105437 0.105437
    endloop
  endfacet
  facet normal 0.000000 0.000000 0.000000
    outer loop
      vertex -0.188059 -0.105437 0.105437
      vertex -0.105437 -0.188059 0.105437
      vertex -0.105437 -0.105437 0.188059
    endloop
  endfacet
  facet normal 0.000000 0.000000 0.000000
    outer loop
      vertex -0.105437 -0.188059 0.105437
      vertex 0.000000 -0.169706 0.169706
      vertex -0.105437 -0.105437 0.188059
    endloop
  endfacet
  facet normal 0.000000 0.000000 0.000000
    outer loop
      vertex -0.105437 -0.105437 0.188059
      vertex 0.000000 -0.169706 0.169706
      vertex 0.000000 -0.091844 0.221731
    endloop
  endfacet
  facet normal 0.000000 0.000000 0.000000
    outer loop
      vertex -0.169706 -0.169706 0.000000
      vertex -0.091844 -0.221731 0.000000
      vertex -0.105437 -0.188059 0.105437
    endloop
  endfacet
  facet normal 0.000000 0.000000 0.000000
    outer loop
      vertex -0.091844 -0.221731 0.000000
      vertex 0.000000 -0.221731 0.091844
      vertex -0.105437 -0.188059 0.105437
    endloop
  endfacet
  facet normal 0.000000 0.000000 0.000000
    outer loop
      vertex -0.105437 -0.188059 0.105437
      vertex 0.000000 -0.221731 0.091844
      vertex 0.000000 -0.169706 0.169706
    endloop
  endfacet
  facet normal 0.000000 0.000000 0.000000
    outer loop
      vertex -0.091844 -0.221731 0.000000
      vertex 0.000000 -0.240000 -0.000000
      vertex 0.000000 -0.221731 0.091844
    endloop
  endfacet
  facet normal 0.000000 0.000000 0.000000
    outer loop
      vertex 0.000000 -0.221731 -0.091844
      vertex 0.000000 -0.240000 0.000000
      vertex -0.091844 -0.221731 0.000000
    endloop
  endfacet
  facet normal 0.000000 0.000000 0.000000
    outer loop
      vertex 0.000000 -0.169706 -0.169706
      vertex 0.000000 -0.221731 -0.091844
      vertex -0.105437 -0.188059 -0.105437
    endloop
  endfacet
  facet normal 0.000000 0.000000 0.000000
    outer loop
      vertex -0.105437 -0.188059 -0.105437
      vertex 0.000000 -0.221731 -0.091844
      vertex -0.091844 -0.221731 0.000000
    endloop
  endfacet
  facet normal 0.000000 0.000000 0.000000
    outer loop
      vertex -0.105437 -0.188059 -0.105437
      vertex -0.091844 -0.221731 0.000000
      vertex -0.169706 -0.169706 0.000000
    endloop
  endfacet
  facet normal 0.000000 0.000000 0.000000
    outer loop
      vertex 0.000000 -0.091844 -0.221731
      vertex 0.000000 -0.169706 -0.169706
      vertex -0.105437 -0.105437 -0.188059
    endloop
  endfacet
  facet normal 0.000000 0.000000 0.000000
    outer loop
      vertex -0.105437 -0.105437 -0.188059
      vertex 0.000000 -0.169706 -0.169706
      vertex -0.105437 -0.188059 -0.105437
    endloop
  endfacet
  facet normal 0.000000 0.000000 0.000000
    outer loop
      vertex -0.105437 -0.105437 -0.188059
      vertex -0.105437 -0.188059 -0.105437
      vertex -0.188059 -0.105437 -0.105437
    endloop
  endfacet
  facet normal 0.000000 0.000000 0.000000
    outer loop
      vertex -0.188059 -0.105437 -0.105437
      vertex -0.105437 -0.188059 -0.105437
      vertex -0.169706 -0.169706 0.000000
    endloop
  endfacet
  facet normal 0.000000 0.000000 0.000000
    outer loop
      vertex -0.188059 -0.105437 -0.105437
      vertex -0.169706 -0.169706 0.000000
      vertex -0.221731 -0.091844 0.000000
    endloop
  endfacet
  facet normal 0.000000 0.000000 0.000000
    outer loop
      vertex 0.000000 0.000000 -0.240000
      vertex 0.000000 -0.091844 -0.221731
      vertex -0.091844 0.000000 -0.221731
    endloop
  endfacet
  facet normal 0.000000 0.000000 0.000000
    outer loop
      vertex -0.091844 0.000000 -0.221731
      vertex 0.000000 -0.091844 -0.221731
      vertex -0.105437 -0.105437 -0.188059
    endloop
  endfacet
  facet normal 0.000000 0.000000 0.000000
    outer loop
      vertex -0.091844 0.000000 -0.221731
      vertex -0.105437 -0.105437 -0.188059
      vertex -0.169706 0.000000 -0.169706
    endloop
  endfacet
  facet normal 0.000000 0.000000 0.000000
    outer loop
      vertex -0.169706 0.000000 -0.169706
      vertex -0.105437 -0.105437 -0.188059
      vertex -0.188059 -0.105437 -0.105437
    endloop
  endfacet
  facet normal 0.000000 0.000000 0.000000
    outer loop
      vertex -0.169706 0.000000 -0.169706
      vertex -0.188059 -0.105437 -0.105437
      vertex -0.221731 0.000000 -0.091844
    endloop
  endfacet
  facet normal 0.000000 0.000000 0.000000
    outer loop
      vertex -0.221731 0.000000 -0.091844
      vertex -0.188059 -0.105437 -0.105437
      vertex -0.221731 -0.091844 0.000000
    endloop
  endfacet
  facet normal 0.000000 0.000000 0.000000
    outer loop
      vertex -0.221731 0.000000 -0.091844
      vertex -0.221731 -0.091844 0.000000
      vertex -0.240000 0.000000 0.000000
    endloop
  endfacet
  facet normal 0.000000 0.000000 0.000000
    outer loop
      vertex 0.000000 -0.320000 0.000000
      vertex 0.080000 -0.320000 0.000000
      vertex 0.056569 -0.320000 0.056569
    endloop
  endfacet
  facet normal 0.000000 0.000000 0.000000
    outer loop
      vertex 0.000000 -0.320000 0.000000
      vertex 0.056569 -0.320000 0.056569
      vertex -0.000000 -0.320000 0.080000
    endloop
  endfacet
  facet normal 0.000000 0.000000 0.000000
    outer loop
      vertex 0.000000 -0.320000 0.000000
      vertex -0.000000 -0.320000 0.080000
      vertex -0.056569 -0.320000 0.056569
    endloop
  endfacet
  facet normal 0.000000 0.000000 0.000000
    outer loop
      vertex 0.000000 -0.320000 0.000000
      vertex -0.056569 -0.320000 0.056569
      vertex -0.080000 -0.320000 -0.000000
    endloop
  endfacet
  facet normal 0.000000 0.000000 0.000000
    outer loop
      vertex 0.000000 -0.320000 0.000000
      vertex -0.080000 -0.320000 -0.000000
      vertex -0.056569 -0.320000 -0.056569
    endloop
  endfacet
  facet normal 0.000000 0.000000 0.000000
    outer loop
      vertex 0.000000 -0.320000 0.000000
      vertex -0.056569 -0.320000 -0.056569
      vertex 0.000000 -0.320000 -0.080000
    endloop
  endfacet
  facet normal 0.000000 0.000000 0.000000
    outer loop
      vertex 0.000000 -0.320000 0.000000
      vertex 0.000000 -0.320000 -0.080000
      vertex 0.056569 -0.320000 -0.056569
    endloop
  endfacet
  facet normal 0.000000 0.000000 0.000000
    outer loop
      vertex 0.000000 -0.320000 0.000000
      vertex 0.056569 -0.320000 -0.056569
      vertex 0.080000 -0.320000 0.000000
    endloop
  endfacet
  facet normal 0.000000 0.000000 0.000000
    outer loop
      vertex 0.080000 0.320000 0.000000
      vertex 0.056569 0.320000 -0.056569
      vertex 0.000000 0.320000 0.000000
    endloop
  endfacet
  facet normal 0.000000 0.000000 0.000000
    outer loop
      vertex 0.056569 0.320000 -0.056569
      vertex 0.000000 0.320000 -0.080000
      vertex 0.000000 0.320000 0.000000
    endloop
  endfacet
  facet normal 0.000000 0.000000 0.000000
    outer loop
      vertex 0.000000 0.320000 -0.080000
      vertex -0.056569 0.320000 -0.056569
      vertex 0.000000 0.320000 0.000000
    endloop
  endfacet
  facet normal 0.000000 0.000000 0.000000
    outer loop
      vertex -0.056569 0.320000 -0.056569
      vertex -0.080000 0.320000 -0.000000
      vertex 0.000000 0.320000 0.000000
    endloop
  endfacet
  facet normal 0.000000 0.000000 0.000000
    outer loop
      vertex -0.080000 0.320000 -0.000000
      vertex -0.056569 0.320000 0.056569
      vertex 0.000000 0.320000 0.000000
    endloop
  endfacet
  facet normal 0.000000 0.000000 0.000000
    outer loop
      vertex -0.056569 0.320000 0.056569
      vertex -0.000000 0.320000 0.080000
      vertex 0.000000 0.320000 0.000000
    endloop
  endfacet
  facet normal 0.000000 0.000000 0.000000
    outer loop
      vertex -0.000000 0.320000 0.080000
      vertex 0.056569 0.320000 0.056569
      vertex 0.000000 0.320000 0.000000
    endloop
  endfacet
  facet normal 0.000000 0.000000 0.000000
    outer loop
      vertex 0.056569 0.320000 0.056569
      vertex 0.080000 0.320000 0.000000
      vertex 0.000000 0.320000 0.000000
    endloop
  endfacet
  facet normal 0.000000 0.000000 0.000000
    outer loop
      vertex 0.000000 0.000000 -0.400000
      vertex 0.060000 0.000000 -0.400000
      vertex 0.055433 -0.022961 -0.400000
    endloop
  endfacet
  facet normal 0.000000 0.000000 0.000000
    outer loop
      vertex 0.000000 0.000000 -0.400000
      vertex 0.055433 -0.022961 -0.400000
      vertex 0.042426 -0.042426 -0.400000
    endloop
  endfacet
  facet normal 0.000000 0.000000 0.000000
    outer loop
      vertex 0.000000 0.000000 -0.400000
      vertex 0.042426 -0.042426 -0.400000
      vertex 0.022961 -0.055433 -0.400000
    endloop
  endfacet
  facet normal 0.000000 0.000000 0.000000
    outer loop
      vertex 0.000000 0.000000 -0.400000
      vertex 0.022961 -0.055433 -0.400000
      vertex -0.000000 -0.060000 -0.400000
    endloop
  endfacet
  facet normal 0.000000 0.000000 0.000000
    outer loop
      vertex 0.000000 0.000000 -0.400000
      vertex -0.000000 -0.060000 -0.400000
      vertex -0.022961 -0.055433 -0.400000
    endloop
  endfacet
  facet normal 0.000000 0.000000 0.000000
    outer loop
      vertex 0.000000 0.000000 -0.400000
      vertex -0.022961 -0.055433 -0.400000
      vertex -0.042426 -0.042426 -0.400000
    endloop
  endfacet
  facet normal 0.000000 0.000000 0.000000
    outer loop
      vertex 0.000000 0.000000 -0.400000
      vertex -0.042426 -0.042426 -0.400000
      vertex -0.055433 -0.022961 -0.400000
    endloop
  endfacet
  facet normal 0.000000 0.000000 0.000000
    outer loop
      vertex 0.000000 0.000000 -0.400000
      vertex -0.055433 -0.022961 -0.400000
      vertex -0.060000 0.000000 -0.400000
    endloop
  endfacet
  facet normal 0.000000 0.000000 0.000000
    outer loop
      vertex 0.000000 0.000000 -0.400000
      vertex -0.060000 0.000000 -0.400000
      vertex -0.055433 0.022961 -0.400000
    endloop
  endfacet
  facet normal 0.000000 0.000000 0.000000
    outer loop
      vertex 0.000000 0.000000 -0.400000
      vertex -0.055433 0.022961 -0.400000
      vertex -0.042426 0.042426 -0.400000
    endloop
  endfacet
  facet normal 0.000000 0.000000 0.000000
    outer loop
      vertex 0.000000 0.000000 -0.400000
      vertex -0.042426 0.042426 -0.400000
      vertex -0.022961 0.055433 -0.400000
    endloop
  endfacet
  facet normal 0.000000 0.000000 0.000000
    outer loop
      vertex 0.000000 0.000000 -0.400000
      vertex -0.022961 0.055433 -0.400000
      vertex 0.000000 0.060000 -0.400000
    endloop
  endfacet
  facet normal 0.000000 0.000000 0.000000
    outer loop
      vertex 0.000000 0.000000 -0.400000
      vertex 0.000000 0.060000 -0.400000
      vertex 0.022961 0.055433 -0.400000
    endloop
  endfacet
  facet normal 0.000000 0.000000 0.000000
    outer loop
      vertex 0.000000 0.000000 -0.400000
      vertex 0.022961 0.055433 -0.400000
      vertex 0.042426 0.042426 -0.400000
    endloop
  endfacet
  facet normal 0.000000 0.000000 0.000000
    outer loop
      vertex 0.000000 0.000000 -0.400000
      vertex 0.042426 0.042426 -0.400000
      vertex 0.055433 0.022961 -0.400000
    endloop
  endfacet
  facet normal 0.000000 0.000000 0.000000
    outer loop
      vertex 0.000000 0.000000 -0.400000
      vertex 0.055433 0.022961 -0.400000
      vertex 0.060000 -0.000000 -0.400000
    endloop
  endfacet
  facet normal 0.000000 0.000000 0.000000
    outer loop
      vertex 0.000000 0.000000 0.720000
      vertex 0.360000 0.000000 0.720000
      vertex 0.332597 -0.137766 0.720000
    endloop
  endfacet
  facet normal 0.000000 0.000000 0.000000
    outer loop
      vertex 0.000000 0.000000 0.720000
      vertex 0.332597 -0.137766 0.720000
      vertex 0.254558 -0.254558 0.720000
    endloop
  endfacet
  facet normal 0.000000 0.000000 0.000000
    outer loop
      vertex 0.000000 0.000000 0.720000
      vertex 0.254558 -0.254558 0.720000
      vertex 0.137766 -0.332597 0.720000
    endloop
  endfacet
  facet normal 0.000000 0.000000 0.000000
    outer loop
      vertex 0.000000 0.000000 0.720000
      vertex 0.137766 -0.332597 0.720000
      vertex -0.000000 -0.360000 0.720000
    endloop
  endfacet
  facet normal 0.000000 0.000000 0.000000
    outer loop
      vertex 0.000000 0.000000 0.720000
      vertex -0.000000 -0.360000 0.720000
      vertex -0.137766 -0.332597 0.720000
    endloop
  endfacet
  facet normal 0.000000 0.000000 0.000000
    outer loop
      vertex 0.000000 0.000000 0.720000
      vertex -0.137766 -0.332597 0.720000
      vertex -0.254558 -0.254558 0.720000
    endloop
  endfacet
  facet normal 0.000000 0.000000 0.000000
    outer loop
      vertex 0.000000 0.000000 0.720000
      vertex -0.254558 -0.254558 0.720000
      vertex -0.332597 -0.137766 0.720000
    endloop
  endfacet
  facet normal 0.000000 0.000000 0.000000
    outer loop
      vertex 0.000000 0.000000 0.720000
      vertex -0.332597 -0.137766 0.720000
      vertex -0.360000 0.000000 0.720000
    endloop
  endfacet
  facet normal 0.000000 0.000000 0.000000
    outer loop
      vertex 0.000000 0.000000 0.720000
      vertex -0.360000 0.000000 0.720000
      vertex -0.332597 0.137766 0.720000
    endloop
  endfacet
  facet normal 0.000000 0.000000 0.000000
    outer loop
      vertex 0.000000 0.000000 0.720000
      vertex -0.332597 0.137766 0.720000
      vertex -0.254558 0.254558 0.720000
    endloop
  endfacet
  facet normal 0.000000 0.000000 0.000000
    outer loop
      vertex 0.000000 0.000000 0.720000
      vertex -0.254558 0.254558 0.720000
      vertex -0.137766 0.332597 0.720000
    endloop
  endfacet
  facet normal 0.000000 0.000000 0.000000
    outer loop
      vertex 0.000000 0.000000 0.720000
      vertex -0.137766 0.332597 0.720000
      vertex 0.000000 0.360000 0.720000
    endloop
  endfacet
  facet normal 0.000000 0.000000 0.000000
    outer loop
      vertex 0.000000 0.000000 0.720000
      vertex 0.000000 0.360000 0.720000
      vertex 0.137766 0.332597 0.720000
    endloop
  endfacet
  facet normal 0.000000 0.000000 0.000000
    outer loop
      vertex 0.000000 0.000000 0.720000
      vertex 0.137766 0.332597 0.720000
      vertex 0.254559 0.254558 0.720000
    endloop
  endfacet
  facet normal 0.000000 0.000000 0.000000
    outer loop
      vertex 0.000000 0.000000 0.720000
      vertex 0.254559 0.254558 0.720000
      vertex 0.332597 0.137766 0.720000
    endloop
  endfacet
  facet normal 0.000000 0.000000 0.000000
    outer loop
      vertex 0.000000 0.000000 0.720000
      vertex 0.332597 0.137766 0.720000
      vertex 0.360000 -0.000000 0.720000
    endloop
  endfacet
  facet normal 0.000000 0.000000 0.000000
    outer loop
      vertex 0.000000 0.000000 0.800000
      vertex 0.240000 0.000000 0.800000
      vertex 0.221731 0.091844 0.800000
    endloop
  endfacet
  facet normal 0.000000 0.000000 0.000000
    outer loop
      vertex 0.000000 0.000000 0.800000
      vertex 0.221731 0.091844 0.800000
      vertex 0.169706 0.169706 0.800000
    endloop
  endfacet
  facet normal 0.000000 0.000000 0.000000
    outer loop
      vertex 0.000000 0.000000 0.800000
      vertex 0.169706 0.169706 0.800000
      vertex 0.091844 0.221731 0.800000
    endloop
  endfacet
  facet normal 0.000000 0.000000 0.000000
    outer loop
      vertex 0.000000 0.000000 0.800000
      vertex 0.091844 0.221731 0.800000
      vertex -0.000000 0.240000 0.800000
    endloop
  endfacet
  facet normal 0.000000 0.000000 0.000000
    outer loop
      vertex 0.000000 0.000000 0.800000
      vertex -0.000000 0.240000 0.800000
      vertex -0.091844 0.221731 0.800000
    endloop
  endfacet
  facet normal 0.000000 0.000000 0.000000
    outer loop
      vertex 0.000000 0.000000 0.800000
      vertex -0.091844 0.221731 0.800000
      vertex -0.169706 0.169706 0.800000
    endloop
  endfacet
  facet normal 0.000000 0.000000 0.000000
    outer loop
      vertex 0.000000 0.000000 0.800000
      vertex -0.169706 0.169706 0.800000
      vertex -0.221731 0.091844 0.800000
    endloop
  endfacet
  facet normal 0.000000 0.000000 0.000000
    outer loop
      vertex 0.000000 0.000000 0.800000
      vertex -0.221731 0.091844 0.800000
      vertex -0.240000 -0.000000 0.800000
    endloop
  endfacet
  facet normal 0.000000 0.000000 0.000000
    outer loop
      vertex 0.000000 0.000000 0.800000
      vertex -0.240000 -0.000000 0.800000
      vertex -0.221731 -0.091844 0.800000
    endloop
  endfacet
  facet normal 0.000000 0.000000 0.000000
    outer loop
      vertex 0.000000 0.000000 0.800000
      vertex -0.221731 -0.091844 0.800000
      vertex -0.169706 -0.169706 0.800000
    endloop
  endfacet
  facet normal 0.000000 0.000000 0.000000
    outer loop
      vertex 0.000000 0.000000 0.800000
      vertex -0.169706 -0.169706 0.800000
      vertex -0.091844 -0.221731 0.800000
    endloop
  endfacet
  facet normal 0.000000 0.000000 0.000000
    outer loop
      vertex 0.000000 0.000000 0.800000
      vertex -0.091844 -0.221731 0.800000
      vertex 0.000000 -0.240000 0.800000
    endloop
  endfacet
  facet normal 0.000000 0.000000 0.000000
    outer loop
      vertex 0.000000 0.000000 0.800000
      vertex 0.000000 -0.240000 0.800000
      vertex 0.091844 -0.221731 0.800000
    endloop
  endfacet
  facet normal 0.000000 0.000000 0.000000
    outer loop
      vertex 0.000000 0.000000 0.800000
      vertex 0.091844 -0.221731 0.800000
      vertex 0.169706 -0.169706 0.800000
    endloop
  endfacet
  facet normal 0.000000 0.000000 0.000000
    outer loop
      vertex 0.000000 0.000000 0.800000
      vertex 0.169706 -0.169706 0.800000
      vertex 0.221731 -0.091844 0.800000
    endloop
  endfacet
  facet normal 0.000000 0.000000 0.000000
    outer loop
      vertex 0.000000 0.000000 0.800000
      vertex 0.221731 -0.091844 0.800000
      vertex 0.240000 0.000000 0.800000
    endloop
  endfacet
  facet normal 0.000000 0.000000 0.000000
    outer loop
      vertex 0.091848 0.221736 2.000000
      vertex 0.100000 0.100000 2.000000
      vertex 0.221736 0.091848 2.000000
    endloop
  endfacet
  facet normal 0.000000 0.000000 0.000000
    outer loop
      vertex 0.221736 0.091848 0.800000
      vertex 0.100000 0.100000 0.800000
      vertex 0.091848 0.221736 0.800000
    endloop
  endfacet
  facet normal 0.000000 0.000000 0.000000
    outer loop
      vertex 0.221731 0.091843 2.000000
      vertex 0.169706 0.169705 2.000000
      vertex 0.091845 0.221731 2.000000
    endloop
  endfacet
  facet normal 0.000000 0.000000 0.000000
    outer loop
      vertex 0.091845 0.221731 0.800000
      vertex 0.169706 0.169705 0.800000
      vertex 0.221731 0.091843 0.800000
    endloop
  endfacet
  facet normal 0.000000 0.000000 0.000000
    outer loop
