solid MYSOLID created by LDView, original data in 3942c.dat
  facet normal 0.000000 0.000000 0.000000
    outer loop
      vertex 0.640000 1.760000 0.000000
      vertex 0.591200 1.760000 0.244800
      vertex 0.640000 1.760000 0.454400
    endloop
  endfacet
  facet normal 0.000000 0.000000 0.000000
    outer loop
      vertex 0.454400 1.760000 0.640000
      vertex 0.244800 1.760000 0.591200
      vertex 0.000000 1.760000 0.640000
    endloop
  endfacet
  facet normal 0.000000 0.000000 0.000000
    outer loop
      vertex -0.640000 1.760000 0.454400
      vertex -0.591200 1.760000 0.244800
      vertex -0.640000 1.760000 0.000000
    endloop
  endfacet
  facet normal 0.000000 0.000000 0.000000
    outer loop
      vertex 0.000000 1.760000 0.640000
      vertex -0.244800 1.760000 0.591200
      vertex -0.454400 1.760000 0.640000
    endloop
  endfacet
  facet normal 0.000000 0.000000 0.000000
    outer loop
      vertex 0.640000 1.760000 -0.454400
      vertex 0.591200 1.760000 -0.244800
      vertex 0.640000 1.760000 0.000000
    endloop
  endfacet
  facet normal 0.000000 0.000000 0.000000
    outer loop
      vertex 0.000000 1.760000 -0.640000
      vertex 0.244800 1.760000 -0.591200
      vertex 0.454400 1.760000 -0.640000
    endloop
  endfacet
  facet normal 0.000000 0.000000 0.000000
    outer loop
      vertex -0.640000 1.760000 0.000000
      vertex -0.591200 1.760000 -0.244800
      vertex -0.640000 1.760000 -0.454400
    endloop
  endfacet
  facet normal 0.000000 0.000000 0.000000
    outer loop
      vertex -0.454400 1.760000 -0.640000
      vertex -0.244800 1.760000 -0.591200
      vertex 0.000000 1.760000 -0.640000
    endloop
  endfacet
  facet normal 0.000000 0.000000 0.000000
    outer loop
      vertex 0.113120 0.160000 -0.113120
      vertex 0.084360 0.160000 -0.132360
      vertex 0.091840 0.160000 -0.221720
    endloop
  endfacet
  facet normal 0.000000 0.000000 0.000000
    outer loop
      vertex -0.113120 0.160000 -0.113120
      vertex -0.132360 0.160000 -0.084360
      vertex -0.221720 0.160000 -0.091840
    endloop
  endfacet
  facet normal 0.000000 0.000000 0.000000
    outer loop
      vertex -0.113120 0.160000 0.113120
      vertex -0.084360 0.160000 0.132360
      vertex -0.091840 0.160000 0.221720
    endloop
  endfacet
  facet normal 0.000000 0.000000 0.000000
    outer loop
      vertex 0.113120 0.160000 0.113120
      vertex 0.132360 0.160000 0.084360
      vertex 0.221720 0.160000 0.091840
    endloop
  endfacet
  facet normal 0.000000 0.000000 0.000000
    outer loop
      vertex 0.113120 0.480000 0.113120
      vertex 0.084360 0.480000 0.132360
      vertex 0.091840 0.480000 0.221720
    endloop
  endfacet
  facet normal 0.000000 0.000000 0.000000
    outer loop
      vertex -0.113120 0.480000 0.113120
      vertex -0.132360 0.480000 0.084360
      vertex -0.221720 0.480000 0.091840
    endloop
  endfacet
  facet normal 0.000000 0.000000 0.000000
    outer loop
      vertex -0.113120 0.480000 -0.113120
      vertex -0.084360 0.480000 -0.132360
      vertex -0.091840 0.480000 -0.221720
    endloop
  endfacet
  facet normal 0.000000 0.000000 0.000000
    outer loop
      vertex 0.113120 0.480000 -0.113120
      vertex 0.132360 0.480000 -0.084360
      vertex 0.221720 0.480000 -0.091840
    endloop
  endfacet
  facet normal 0.000000 0.000000 0.000000
    outer loop
      vertex 0.221731 0.160000 0.091844
      vertex 0.169706 0.160000 0.169706
      vertex 0.091844 0.160000 0.221731
    endloop
  endfacet
  facet normal 0.000000 0.000000 0.000000
    outer loop
      vertex -0.091844 0.160000 0.221731
      vertex -0.169706 0.160000 0.169706
      vertex -0.221731 0.160000 0.091844
    endloop
  endfacet
  facet normal 0.000000 0.000000 0.000000
    outer loop
      vertex -0.221731 0.160000 -0.091844
      vertex -0.169706 0.160000 -0.169706
      vertex -0.091844 0.160000 -0.221731
    endloop
  endfacet
  facet normal 0.000000 0.000000 0.000000
    outer loop
      vertex 0.091844 0.160000 -0.221731
      vertex 0.169706 0.160000 -0.169706
      vertex 0.221731 0.160000 -0.091844
    endloop
  endfacet
  facet normal 0.000000 0.000000 0.000000
    outer loop
      vertex 0.221731 0.480000 -0.091844
      vertex 0.169706 0.480000 -0.169706
      vertex 0.091844 0.480000 -0.221731
    endloop
  endfacet
  facet normal 0.000000 0.000000 0.000000
    outer loop
      vertex -0.091844 0.480000 -0.221731
      vertex -0.169706 0.480000 -0.169706
      vertex -0.221731 0.480000 -0.091844
    endloop
  endfacet
  facet normal 0.000000 0.000000 0.000000
    outer loop
      vertex -0.221731 0.480000 0.091844
      vertex -0.169706 0.480000 0.169706
      vertex -0.091844 0.480000 0.221731
    endloop
  endfacet
  facet normal 0.000000 0.000000 0.000000
    outer loop
      vertex 0.091844 0.480000 0.221731
      vertex 0.169706 0.480000 0.169706
      vertex 0.221731 0.480000 0.091844
    endloop
  endfacet
  facet normal 0.000000 0.000000 0.000000
    outer loop
      vertex 0.640000 1.920000 0.000000
      vertex 0.640000 1.920000 0.454400
      vertex 0.739200 1.920000 0.306000
    endloop
  endfacet
  facet normal 0.000000 0.000000 0.000000
    outer loop
      vertex 0.640000 1.920000 0.000000
      vertex 0.739200 1.920000 0.306000
      vertex 0.800000 1.920000 0.000000
    endloop
  endfacet
  facet normal 0.000000 0.000000 0.000000
    outer loop
      vertex 0.000000 1.920000 0.640000
      vertex 0.000000 1.920000 0.800000
      vertex 0.306000 1.920000 0.739200
    endloop
  endfacet
  facet normal 0.000000 0.000000 0.000000
    outer loop
      vertex 0.000000 1.920000 0.640000
      vertex 0.306000 1.920000 0.739200
      vertex 0.454400 1.920000 0.640000
    endloop
  endfacet
  facet normal 0.000000 0.000000 0.000000
    outer loop
      vertex -0.640000 1.920000 0.000000
      vertex -0.800000 1.920000 0.000000
      vertex -0.739200 1.920000 0.306000
    endloop
  endfacet
  facet normal 0.000000 0.000000 0.000000
    outer loop
      vertex -0.640000 1.920000 0.000000
      vertex -0.739200 1.920000 0.306000
      vertex -0.640000 1.920000 0.454400
    endloop
  endfacet
  facet normal 0.000000 0.000000 0.000000
    outer loop
      vertex 0.000000 1.920000 0.640000
      vertex -0.454400 1.920000 0.640000
      vertex -0.306000 1.920000 0.739200
    endloop
  endfacet
  facet normal 0.000000 0.000000 0.000000
    outer loop
      vertex 0.000000 1.920000 0.640000
      vertex -0.306000 1.920000 0.739200
      vertex 0.000000 1.920000 0.800000
    endloop
  endfacet
  facet normal 0.000000 0.000000 0.000000
    outer loop
      vertex 0.640000 1.920000 0.000000
      vertex 0.800000 1.920000 0.000000
      vertex 0.739200 1.920000 -0.306000
    endloop
  endfacet
  facet normal 0.000000 0.000000 0.000000
    outer loop
      vertex 0.640000 1.920000 0.000000
      vertex 0.739200 1.920000 -0.306000
      vertex 0.640000 1.920000 -0.454400
    endloop
  endfacet
  facet normal 0.000000 0.000000 0.000000
    outer loop
      vertex 0.000000 1.920000 -0.640000
      vertex 0.454400 1.920000 -0.640000
      vertex 0.306000 1.920000 -0.739200
    endloop
  endfacet
  facet normal 0.000000 0.000000 0.000000
    outer loop
      vertex 0.000000 1.920000 -0.640000
      vertex 0.306000 1.920000 -0.739200
      vertex 0.000000 1.920000 -0.800000
    endloop
  endfacet
  facet normal 0.000000 0.000000 0.000000
    outer loop
      vertex -0.640000 1.920000 0.000000
      vertex -0.640000 1.920000 -0.454400
      vertex -0.739200 1.920000 -0.306000
    endloop
  endfacet
  facet normal 0.000000 0.000000 0.000000
    outer loop
      vertex -0.640000 1.920000 0.000000
      vertex -0.739200 1.920000 -0.306000
      vertex -0.800000 1.920000 0.000000
    endloop
  endfacet
  facet normal 0.000000 0.000000 0.000000
    outer loop
      vertex 0.000000 1.920000 -0.640000
      vertex 0.000000 1.920000 -0.800000
      vertex -0.306000 1.920000 -0.739200
    endloop
  endfacet
  facet normal 0.000000 0.000000 0.000000
    outer loop
      vertex 0.000000 1.920000 -0.640000
      vertex -0.306000 1.920000 -0.739200
      vertex -0.454400 1.920000 -0.640000
    endloop
  endfacet
  facet normal 0.000000 0.000000 0.000000
    outer loop
      vertex 0.739200 1.920000 0.306000
      vertex 0.739200 1.760000 0.306000
      vertex 0.800000 1.760000 0.000000
    endloop
  endfacet
  facet normal 0.000000 0.000000 0.000000
    outer loop
      vertex 0.739200 1.920000 0.306000
      vertex 0.800000 1.760000 0.000000
      vertex 0.800000 1.920000 0.000000
    endloop
  endfacet
  facet normal 0.000000 0.000000 0.000000
    outer loop
      vertex 0.306000 1.920000 0.739200
      vertex 0.000000 1.920000 0.800000
      vertex 0.000000 1.760000 0.800000
    endloop
  endfacet
  facet normal 0.000000 0.000000 0.000000
    outer loop
      vertex 0.306000 1.920000 0.739200
      vertex 0.000000 1.760000 0.800000
      vertex 0.306000 1.760000 0.739200
    endloop
  endfacet
  facet normal 0.000000 0.000000 0.000000
    outer loop
      vertex 0.640000 1.920000 0.454400
      vertex 0.640000 1.760000 0.454400
      vertex 0.739200 1.760000 0.306000
    endloop
  endfacet
  facet normal 0.000000 0.000000 0.000000
    outer loop
      vertex 0.640000 1.920000 0.454400
      vertex 0.739200 1.760000 0.306000
      vertex 0.739200 1.920000 0.306000
    endloop
  endfacet
  facet normal 0.000000 0.000000 0.000000
    outer loop
      vertex 0.454400 1.920000 0.640000
      vertex 0.306000 1.920000 0.739200
      vertex 0.306000 1.760000 0.739200
    endloop
  endfacet
  facet normal 0.000000 0.000000 0.000000
    outer loop
      vertex 0.454400 1.920000 0.640000
      vertex 0.306000 1.760000 0.739200
      vertex 0.454400 1.760000 0.640000
    endloop
  endfacet
  facet normal 0.000000 0.000000 0.000000
    outer loop
      vertex 0.640000 1.920000 0.000000
      vertex 0.640000 1.760000 0.000000
      vertex 0.640000 1.760000 0.454400
    endloop
  endfacet
  facet normal 0.000000 0.000000 0.000000
    outer loop
      vertex 0.640000 1.920000 0.000000
      vertex 0.640000 1.760000 0.454400
      vertex 0.640000 1.920000 0.454400
    endloop
  endfacet
  facet normal 0.000000 0.000000 0.000000
    outer loop
      vertex 0.000000 1.920000 0.640000
      vertex 0.454400 1.920000 0.640000
      vertex 0.454400 1.760000 0.640000
    endloop
  endfacet
  facet normal 0.000000 0.000000 0.000000
    outer loop
      vertex 0.000000 1.920000 0.640000
      vertex 0.454400 1.760000 0.640000
      vertex 0.000000 1.760000 0.640000
    endloop
  endfacet
  facet normal 0.000000 0.000000 0.000000
    outer loop
      vertex -0.739200 1.920000 0.306000
      vertex -0.800000 1.920000 0.000000
      vertex -0.800000 1.760000 0.000000
    endloop
  endfacet
  facet normal 0.000000 0.000000 0.000000
    outer loop
      vertex -0.739200 1.920000 0.306000
      vertex -0.800000 1.760000 0.000000
      vertex -0.739200 1.760000 0.306000
    endloop
  endfacet
  facet normal 0.000000 0.000000 0.000000
    outer loop
      vertex -0.306000 1.920000 0.739200
      vertex -0.306000 1.760000 0.739200
      vertex 0.000000 1.760000 0.800000
    endloop
  endfacet
  facet normal 0.000000 0.000000 0.000000
    outer loop
      vertex -0.306000 1.920000 0.739200
      vertex 0.000000 1.760000 0.800000
      vertex 0.000000 1.920000 0.800000
    endloop
  endfacet
  facet normal 0.000000 0.000000 0.000000
    outer loop
      vertex -0.640000 1.920000 0.454400
      vertex -0.739200 1.920000 0.306000
      vertex -0.739200 1.760000 0.306000
    endloop
  endfacet
  facet normal 0.000000 0.000000 0.000000
    outer loop
      vertex -0.640000 1.920000 0.454400
      vertex -0.739200 1.760000 0.306000
      vertex -0.640000 1.760000 0.454400
    endloop
  endfacet
  facet normal 0.000000 0.000000 0.000000
    outer loop
      vertex -0.454400 1.920000 0.640000
      vertex -0.454400 1.760000 0.640000
      vertex -0.306000 1.760000 0.739200
    endloop
  endfacet
  facet normal 0.000000 0.000000 0.000000
    outer loop
      vertex -0.454400 1.920000 0.640000
      vertex -0.306000 1.760000 0.739200
      vertex -0.306000 1.920000 0.739200
    endloop
  endfacet
  facet normal 0.000000 0.000000 0.000000
    outer loop
      vertex -0.640000 1.920000 0.000000
      vertex -0.640000 1.920000 0.454400
      vertex -0.640000 1.760000 0.454400
    endloop
  endfacet
  facet normal 0.000000 0.000000 0.000000
    outer loop
      vertex -0.640000 1.920000 0.000000
      vertex -0.640000 1.760000 0.454400
      vertex -0.640000 1.760000 0.000000
    endloop
  endfacet
  facet normal 0.000000 0.000000 0.000000
    outer loop
      vertex 0.000000 1.920000 0.640000
      vertex 0.000000 1.760000 0.640000
      vertex -0.454400 1.760000 0.640000
    endloop
  endfacet
  facet normal 0.000000 0.000000 0.000000
    outer loop
      vertex 0.000000 1.920000 0.640000
      vertex -0.454400 1.760000 0.640000
      vertex -0.454400 1.920000 0.640000
    endloop
  endfacet
  facet normal 0.000000 0.000000 0.000000
    outer loop
      vertex 0.739200 1.920000 -0.306000
      vertex 0.800000 1.920000 0.000000
      vertex 0.800000 1.760000 0.000000
    endloop
  endfacet
  facet normal 0.000000 0.000000 0.000000
    outer loop
      vertex 0.739200 1.920000 -0.306000
      vertex 0.800000 1.760000 0.000000
      vertex 0.739200 1.760000 -0.306000
    endloop
  endfacet
  facet normal 0.000000 0.000000 0.000000
    outer loop
      vertex 0.306000 1.920000 -0.739200
      vertex 0.306000 1.760000 -0.739200
      vertex 0.000000 1.760000 -0.800000
    endloop
  endfacet
  facet normal 0.000000 0.000000 0.000000
    outer loop
      vertex 0.306000 1.920000 -0.739200
      vertex 0.000000 1.760000 -0.800000
      vertex 0.000000 1.920000 -0.800000
    endloop
  endfacet
  facet normal 0.000000 0.000000 0.000000
    outer loop
      vertex 0.640000 1.920000 -0.454400
      vertex 0.739200 1.920000 -0.306000
      vertex 0.739200 1.760000 -0.306000
    endloop
  endfacet
  facet normal 0.000000 0.000000 0.000000
    outer loop
      vertex 0.640000 1.920000 -0.454400
      vertex 0.739200 1.760000 -0.306000
      vertex 0.640000 1.760000 -0.454400
    endloop
  endfacet
  facet normal 0.000000 0.000000 0.000000
    outer loop
      vertex 0.454400 1.920000 -0.640000
      vertex 0.454400 1.760000 -0.640000
      vertex 0.306000 1.760000 -0.739200
    endloop
  endfacet
  facet normal 0.000000 0.000000 0.000000
    outer loop
      vertex 0.454400 1.920000 -0.640000
      vertex 0.306000 1.760000 -0.739200
      vertex 0.306000 1.920000 -0.739200
    endloop
  endfacet
  facet normal 0.000000 0.000000 0.000000
    outer loop
      vertex 0.640000 1.920000 0.000000
      vertex 0.640000 1.920000 -0.454400
      vertex 0.640000 1.760000 -0.454400
    endloop
  endfacet
  facet normal 0.000000 0.000000 0.000000
    outer loop
      vertex 0.640000 1.920000 0.000000
      vertex 0.640000 1.760000 -0.454400
      vertex 0.640000 1.760000 0.000000
    endloop
  endfacet
  facet normal 0.000000 0.000000 0.000000
    outer loop
      vertex 0.000000 1.920000 -0.640000
      vertex 0.000000 1.760000 -0.640000
      vertex 0.454400 1.760000 -0.640000
    endloop
  endfacet
  facet normal 0.000000 0.000000 0.000000
    outer loop
      vertex 0.000000 1.920000 -0.640000
      vertex 0.454400 1.760000 -0.640000
      vertex 0.454400 1.920000 -0.640000
    endloop
  endfacet
  facet normal 0.000000 0.000000 0.000000
    outer loop
      vertex -0.739200 1.920000 -0.306000
      vertex -0.739200 1.760000 -0.306000
      vertex -0.800000 1.760000 0.000000
    endloop
  endfacet
  facet normal 0.000000 0.000000 0.000000
    outer loop
      vertex -0.739200 1.920000 -0.306000
      vertex -0.800000 1.760000 0.000000
      vertex -0.800000 1.920000 0.000000
    endloop
  endfacet
  facet normal 0.000000 0.000000 0.000000
    outer loop
      vertex -0.306000 1.920000 -0.739200
      vertex 0.000000 1.920000 -0.800000
      vertex 0.000000 1.760000 -0.800000
    endloop
  endfacet
  facet normal 0.000000 0.000000 0.000000
    outer loop
      vertex -0.306000 1.920000 -0.739200
      vertex 0.000000 1.760000 -0.800000
      vertex -0.306000 1.760000 -0.739200
    endloop
  endfacet
  facet normal 0.000000 0.000000 0.000000
    outer loop
      vertex -0.640000 1.920000 -0.454400
      vertex -0.640000 1.760000 -0.454400
      vertex -0.739200 1.760000 -0.306000
    endloop
  endfacet
  facet normal 0.000000 0.000000 0.000000
    outer loop
      vertex -0.640000 1.920000 -0.454400
      vertex -0.739200 1.760000 -0.306000
      vertex -0.739200 1.920000 -0.306000
    endloop
  endfacet
  facet normal 0.000000 0.000000 0.000000
    outer loop
      vertex -0.454400 1.920000 -0.640000
      vertex -0.306000 1.920000 -0.739200
      vertex -0.306000 1.760000 -0.739200
    endloop
  endfacet
  facet normal 0.000000 0.000000 0.000000
    outer loop
      vertex -0.454400 1.920000 -0.640000
      vertex -0.306000 1.760000 -0.739200
      vertex -0.454400 1.760000 -0.640000
    endloop
  endfacet
  facet normal 0.000000 0.000000 0.000000
    outer loop
      vertex -0.640000 1.920000 0.000000
      vertex -0.640000 1.760000 0.000000
      vertex -0.640000 1.760000 -0.454400
    endloop
  endfacet
  facet normal 0.000000 0.000000 0.000000
    outer loop
      vertex -0.640000 1.920000 0.000000
      vertex -0.640000 1.760000 -0.454400
      vertex -0.640000 1.920000 -0.454400
    endloop
  endfacet
  facet normal 0.000000 0.000000 0.000000
    outer loop
      vertex 0.000000 1.920000 -0.640000
      vertex -0.454400 1.920000 -0.640000
      vertex -0.454400 1.760000 -0.640000
    endloop
  endfacet
  facet normal 0.000000 0.000000 0.000000
    outer loop
      vertex 0.000000 1.920000 -0.640000
      vertex -0.454400 1.760000 -0.640000
      vertex 0.000000 1.760000 -0.640000
    endloop
  endfacet
  facet normal 0.000000 0.000000 0.000000
    outer loop
      vertex 0.640000 1.760000 0.454400
      vertex 0.591200 1.760000 0.244800
      vertex 0.452400 1.760000 0.452400
    endloop
  endfacet
  facet normal 0.000000 0.000000 0.000000
    outer loop
      vertex 0.640000 1.760000 0.454400
      vertex 0.452400 1.760000 0.452400
      vertex 0.565600 1.760000 0.565600
    endloop
  endfacet
  facet normal 0.000000 0.000000 0.000000
    outer loop
      vertex 0.454400 1.760000 0.640000
      vertex 0.565600 1.760000 0.565600
      vertex 0.452400 1.760000 0.452400
    endloop
  endfacet
  facet normal 0.000000 0.000000 0.000000
    outer loop
      vertex 0.454400 1.760000 0.640000
      vertex 0.452400 1.760000 0.452400
      vertex 0.244800 1.760000 0.591200
    endloop
  endfacet
  facet normal 0.000000 0.000000 0.000000
    outer loop
      vertex -0.640000 1.760000 0.454400
      vertex -0.565600 1.760000 0.565600
      vertex -0.452400 1.760000 0.452400
    endloop
  endfacet
  facet normal 0.000000 0.000000 0.000000
    outer loop
      vertex -0.640000 1.760000 0.454400
      vertex -0.452400 1.760000 0.452400
      vertex -0.591200 1.760000 0.244800
    endloop
  endfacet
  facet normal 0.000000 0.000000 0.000000
    outer loop
      vertex -0.454400 1.760000 0.640000
      vertex -0.244800 1.760000 0.591200
      vertex -0.452400 1.760000 0.452400
    endloop
  endfacet
  facet normal 0.000000 0.000000 0.000000
    outer loop
      vertex -0.454400 1.760000 0.640000
      vertex -0.452400 1.760000 0.452400
      vertex -0.565600 1.760000 0.565600
    endloop
  endfacet
  facet normal 0.000000 0.000000 0.000000
    outer loop
      vertex 0.640000 1.760000 -0.454400
      vertex 0.565600 1.760000 -0.565600
      vertex 0.452400 1.760000 -0.452400
    endloop
  endfacet
  facet normal 0.000000 0.000000 0.000000
    outer loop
      vertex 0.640000 1.760000 -0.454400
      vertex 0.452400 1.760000 -0.452400
      vertex 0.591200 1.760000 -0.244800
    endloop
  endfacet
  facet normal 0.000000 0.000000 0.000000
    outer loop
      vertex 0.454400 1.760000 -0.640000
      vertex 0.244800 1.760000 -0.591200
      vertex 0.452400 1.760000 -0.452400
    endloop
  endfacet
  facet normal 0.000000 0.000000 0.000000
    outer loop
      vertex 0.454400 1.760000 -0.640000
      vertex 0.452400 1.760000 -0.452400
      vertex 0.565600 1.760000 -0.565600
    endloop
  endfacet
  facet normal 0.000000 0.000000 0.000000
    outer loop
      vertex -0.640000 1.760000 -0.454400
      vertex -0.591200 1.760000 -0.244800
      vertex -0.452400 1.760000 -0.452400
    endloop
  endfacet
  facet normal 0.000000 0.000000 0.000000
    outer loop
      vertex -0.640000 1.760000 -0.454400
      vertex -0.452400 1.760000 -0.452400
      vertex -0.565600 1.760000 -0.565600
    endloop
  endfacet
  facet normal 0.000000 0.000000 0.000000
    outer loop
      vertex -0.454400 1.760000 -0.640000
      vertex -0.565600 1.760000 -0.565600
      vertex -0.452400 1.760000 -0.452400
    endloop
  endfacet
  facet normal 0.000000 0.000000 0.000000
    outer loop
      vertex -0.454400 1.760000 -0.640000
      vertex -0.452400 1.760000 -0.452400
      vertex -0.244800 1.760000 -0.591200
    endloop
  endfacet
  facet normal 0.000000 0.000000 0.000000
    outer loop
      vertex 0.224080 0.160000 0.080000
      vertex 0.224080 0.480000 0.080000
      vertex 0.240000 0.480000 0.000000
    endloop
  endfacet
  facet normal 0.000000 0.000000 0.000000
    outer loop
      vertex 0.224080 0.160000 0.080000
      vertex 0.240000 0.480000 0.000000
      vertex 0.240000 0.160000 0.000000
    endloop
  endfacet
  facet normal 0.000000 0.000000 0.000000
    outer loop
      vertex 0.000000 0.160000 0.240000
      vertex 0.000000 0.480000 0.240000
      vertex 0.080000 0.480000 0.224080
    endloop
  endfacet
  facet normal 0.000000 0.000000 0.000000
    outer loop
      vertex 0.000000 0.160000 0.240000
      vertex 0.080000 0.480000 0.224080
      vertex 0.080000 0.160000 0.224080
    endloop
  endfacet
  facet normal 0.000000 0.000000 0.000000
    outer loop
      vertex -0.240000 0.480000 0.000000
      vertex -0.224080 0.480000 0.080000
      vertex -0.224080 0.160000 0.080000
    endloop
  endfacet
  facet normal 0.000000 0.000000 0.000000
    outer loop
      vertex -0.240000 0.480000 0.000000
      vertex -0.224080 0.160000 0.080000
      vertex -0.240000 0.160000 0.000000
    endloop
  endfacet
  facet normal 0.000000 0.000000 0.000000
    outer loop
      vertex -0.080000 0.480000 0.224080
      vertex 0.000000 0.480000 0.240000
      vertex 0.000000 0.160000 0.240000
    endloop
  endfacet
  facet normal 0.000000 0.000000 0.000000
    outer loop
      vertex -0.080000 0.480000 0.224080
      vertex 0.000000 0.160000 0.240000
      vertex -0.080000 0.160000 0.224080
    endloop
  endfacet
  facet normal 0.000000 0.000000 0.000000
    outer loop
      vertex 0.240000 0.480000 0.000000
      vertex 0.224080 0.480000 -0.080000
      vertex 0.224080 0.160000 -0.080000
    endloop
  endfacet
  facet normal 0.000000 0.000000 0.000000
    outer loop
      vertex 0.240000 0.480000 0.000000
      vertex 0.224080 0.160000 -0.080000
      vertex 0.240000 0.160000 0.000000
    endloop
  endfacet
  facet normal 0.000000 0.000000 0.000000
    outer loop
      vertex 0.080000 0.480000 -0.224080
      vertex 0.000000 0.480000 -0.240000
      vertex 0.000000 0.160000 -0.240000
    endloop
  endfacet
  facet normal 0.000000 0.000000 0.000000
    outer loop
      vertex 0.080000 0.480000 -0.224080
      vertex 0.000000 0.160000 -0.240000
      vertex 0.080000 0.160000 -0.224080
    endloop
  endfacet
  facet normal 0.000000 0.000000 0.000000
    outer loop
      vertex -0.224080 0.160000 -0.080000
      vertex -0.224080 0.480000 -0.080000
      vertex -0.240000 0.480000 0.000000
    endloop
  endfacet
  facet normal 0.000000 0.000000 0.000000
    outer loop
      vertex -0.224080 0.160000 -0.080000
      vertex -0.240000 0.480000 0.000000
      vertex -0.240000 0.160000 0.000000
    endloop
  endfacet
  facet normal 0.000000 0.000000 0.000000
    outer loop
      vertex 0.000000 0.160000 -0.240000
      vertex 0.000000 0.480000 -0.240000
      vertex -0.080000 0.480000 -0.224080
    endloop
  endfacet
  facet normal 0.000000 0.000000 0.000000
    outer loop
      vertex 0.000000 0.160000 -0.240000
      vertex -0.080000 0.480000 -0.224080
      vertex -0.080000 0.160000 -0.224080
    endloop
  endfacet
  facet normal 0.000000 0.000000 0.000000
    outer loop
      vertex 0.135280 0.160000 0.080000
      vertex 0.135280 0.480000 0.080000
      vertex 0.224080 0.480000 0.080000
    endloop
  endfacet
  facet normal 0.000000 0.000000 0.000000
    outer loop
      vertex 0.135280 0.160000 0.080000
      vertex 0.224080 0.480000 0.080000
      vertex 0.224080 0.160000 0.080000
    endloop
  endfacet
  facet normal 0.000000 0.000000 0.000000
    outer loop
      vertex 0.080000 0.160000 0.224080
      vertex 0.080000 0.480000 0.224080
      vertex 0.080000 0.480000 0.135280
    endloop
  endfacet
  facet normal 0.000000 0.000000 0.000000
    outer loop
      vertex 0.080000 0.160000 0.224080
      vertex 0.080000 0.480000 0.135280
      vertex 0.080000 0.160000 0.135280
    endloop
  endfacet
  facet normal 0.000000 0.000000 0.000000
    outer loop
      vertex -0.224080 0.160000 0.080000
      vertex -0.224080 0.480000 0.080000
      vertex -0.135280 0.480000 0.080000
    endloop
  endfacet
  facet normal 0.000000 0.000000 0.000000
    outer loop
      vertex -0.224080 0.160000 0.080000
      vertex -0.135280 0.480000 0.080000
      vertex -0.135280 0.160000 0.080000
    endloop
  endfacet
  facet normal 0.000000 0.000000 0.000000
    outer loop
      vertex -0.080000 0.480000 0.224080
      vertex -0.080000 0.160000 0.224080
      vertex -0.080000 0.160000 0.135280
    endloop
  endfacet
  facet normal 0.000000 0.000000 0.000000
    outer loop
      vertex -0.080000 0.480000 0.224080
      vertex -0.080000 0.160000 0.135280
      vertex -0.080000 0.480000 0.135280
    endloop
  endfacet
  facet normal 0.000000 0.000000 0.000000
    outer loop
      vertex 0.224080 0.160000 -0.080000
      vertex 0.224080 0.480000 -0.080000
      vertex 0.135280 0.480000 -0.080000
    endloop
  endfacet
  facet normal 0.000000 0.000000 0.000000
    outer loop
      vertex 0.224080 0.160000 -0.080000
      vertex 0.135280 0.480000 -0.080000
      vertex 0.135280 0.160000 -0.080000
    endloop
  endfacet
  facet normal 0.000000 0.000000 0.000000
    outer loop
      vertex 0.080000 0.480000 -0.224080
      vertex 0.080000 0.160000 -0.224080
      vertex 0.080000 0.160000 -0.135280
    endloop
  endfacet
  facet normal 0.000000 0.000000 0.000000
    outer loop
      vertex 0.080000 0.480000 -0.224080
      vertex 0.080000 0.160000 -0.135280
      vertex 0.080000 0.480000 -0.135280
    endloop
  endfacet
  facet normal 0.000000 0.000000 0.000000
    outer loop
      vertex -0.135280 0.160000 -0.080000
      vertex -0.135280 0.480000 -0.080000
      vertex -0.224080 0.480000 -0.080000
    endloop
  endfacet
  facet normal 0.000000 0.000000 0.000000
    outer loop
      vertex -0.135280 0.160000 -0.080000
      vertex -0.224080 0.480000 -0.080000
      vertex -0.224080 0.160000 -0.080000
    endloop
  endfacet
  facet normal 0.000000 0.000000 0.000000
    outer loop
      vertex -0.080000 0.160000 -0.224080
      vertex -0.080000 0.480000 -0.224080
      vertex -0.080000 0.480000 -0.135280
    endloop
  endfacet
  facet normal 0.000000 0.000000 0.000000
    outer loop
      vertex -0.080000 0.160000 -0.224080
      vertex -0.080000 0.480000 -0.135280
      vertex -0.080000 0.160000 -0.135280
    endloop
  endfacet
  facet normal 0.000000 0.000000 0.000000
    outer loop
      vertex 0.135280 0.160000 -0.080000
      vertex 0.132360 0.160000 -0.084360
      vertex 0.221720 0.160000 -0.091840
    endloop
  endfacet
  facet normal 0.000000 0.000000 0.000000
    outer loop
      vertex 0.135280 0.160000 -0.080000
      vertex 0.221720 0.160000 -0.091840
      vertex 0.224080 0.160000 -0.080000
    endloop
  endfacet
  facet normal 0.000000 0.000000 0.000000
    outer loop
      vertex 0.084360 0.160000 -0.132360
      vertex 0.080000 0.160000 -0.135280
      vertex 0.080000 0.160000 -0.224080
    endloop
  endfacet
  facet normal 0.000000 0.000000 0.000000
    outer loop
      vertex 0.084360 0.160000 -0.132360
      vertex 0.080000 0.160000 -0.224080
      vertex 0.091840 0.160000 -0.221720
    endloop
  endfacet
  facet normal 0.000000 0.000000 0.000000
    outer loop
      vertex -0.132360 0.160000 -0.084360
      vertex -0.135280 0.160000 -0.080000
      vertex -0.224080 0.160000 -0.080000
    endloop
  endfacet
  facet normal 0.000000 0.000000 0.000000
    outer loop
      vertex -0.132360 0.160000 -0.084360
      vertex -0.224080 0.160000 -0.080000
      vertex -0.221720 0.160000 -0.091840
    endloop
  endfacet
  facet normal 0.000000 0.000000 0.000000
    outer loop
      vertex -0.080000 0.160000 -0.135280
      vertex -0.084360 0.160000 -0.132360
      vertex -0.091840 0.160000 -0.221720
    endloop
  endfacet
  facet normal 0.000000 0.000000 0.000000
    outer loop
      vertex -0.080000 0.160000 -0.135280
      vertex -0.091840 0.160000 -0.221720
      vertex -0.080000 0.160000 -0.224080
    endloop
  endfacet
  facet normal 0.000000 0.000000 0.000000
    outer loop
      vertex 0.132360 0.160000 0.084360
      vertex 0.135280 0.160000 0.080000
      vertex 0.224080 0.160000 0.080000
    endloop
  endfacet
  facet normal 0.000000 0.000000 0.000000
    outer loop
      vertex 0.132360 0.160000 0.084360
      vertex 0.224080 0.160000 0.080000
      vertex 0.221720 0.160000 0.091840
    endloop
  endfacet
  facet normal 0.000000 0.000000 0.000000
    outer loop
      vertex 0.080000 0.160000 0.135280
      vertex 0.084360 0.160000 0.132360
      vertex 0.091840 0.160000 0.221720
    endloop
  endfacet
  facet normal 0.000000 0.000000 0.000000
    outer loop
      vertex 0.080000 0.160000 0.135280
      vertex 0.091840 0.160000 0.221720
      vertex 0.080000 0.160000 0.224080
    endloop
  endfacet
  facet normal 0.000000 0.000000 0.000000
    outer loop
      vertex -0.135280 0.160000 0.080000
      vertex -0.132360 0.160000 0.084360
      vertex -0.221720 0.160000 0.091840
    endloop
  endfacet
  facet normal 0.000000 0.000000 0.000000
    outer loop
      vertex -0.135280 0.160000 0.080000
      vertex -0.221720 0.160000 0.091840
      vertex -0.224080 0.160000 0.080000
    endloop
  endfacet
  facet normal 0.000000 0.000000 0.000000
    outer loop
      vertex -0.084360 0.160000 0.132360
      vertex -0.080000 0.160000 0.135280
      vertex -0.080000 0.160000 0.224080
    endloop
  endfacet
  facet normal 0.000000 0.000000 0.000000
    outer loop
      vertex -0.084360 0.160000 0.132360
      vertex -0.080000 0.160000 0.224080
      vertex -0.091840 0.160000 0.221720
    endloop
  endfacet
  facet normal 0.000000 0.000000 0.000000
    outer loop
      vertex 0.132360 0.480000 -0.084360
      vertex 0.135280 0.480000 -0.080000
      vertex 0.224080 0.480000 -0.080000
    endloop
  endfacet
  facet normal 0.000000 0.000000 0.000000
    outer loop
      vertex 0.132360 0.480000 -0.084360
      vertex 0.224080 0.480000 -0.080000
      vertex 0.221720 0.480000 -0.091840
    endloop
  endfacet
  facet normal 0.000000 0.000000 0.000000
    outer loop
      vertex 0.091840 0.480000 -0.221720
      vertex 0.080000 0.480000 -0.224080
      vertex 0.080000 0.480000 -0.135280
    endloop
  endfacet
  facet normal 0.000000 0.000000 0.000000
    outer loop
      vertex 0.091840 0.480000 -0.221720
      vertex 0.080000 0.480000 -0.135280
      vertex 0.084360 0.480000 -0.132360
    endloop
  endfacet
  facet normal 0.000000 0.000000 0.000000
    outer loop
      vertex -0.221720 0.480000 -0.091840
      vertex -0.224080 0.480000 -0.080000
      vertex -0.135280 0.480000 -0.080000
    endloop
  endfacet
  facet normal 0.000000 0.000000 0.000000
    outer loop
      vertex -0.221720 0.480000 -0.091840
      vertex -0.135280 0.480000 -0.080000
      vertex -0.132360 0.480000 -0.084360
    endloop
  endfacet
  facet normal 0.000000 0.000000 0.000000
    outer loop
      vertex -0.084360 0.480000 -0.132360
      vertex -0.080000 0.480000 -0.135280
      vertex -0.080000 0.480000 -0.224080
    endloop
  endfacet
  facet normal 0.000000 0.000000 0.000000
    outer loop
      vertex -0.084360 0.480000 -0.132360
      vertex -0.080000 0.480000 -0.224080
      vertex -0.091840 0.480000 -0.221720
    endloop
  endfacet
  facet normal 0.000000 0.000000 0.000000
    outer loop
      vertex 0.221720 0.480000 0.091840
      vertex 0.224080 0.480000 0.080000
      vertex 0.135280 0.480000 0.080000
    endloop
  endfacet
  facet normal 0.000000 0.000000 0.000000
    outer loop
      vertex 0.221720 0.480000 0.091840
      vertex 0.135280 0.480000 0.080000
      vertex 0.132360 0.480000 0.084360
    endloop
  endfacet
  facet normal 0.000000 0.000000 0.000000
    outer loop
      vertex 0.084360 0.480000 0.132360
      vertex 0.080000 0.480000 0.135280
      vertex 0.080000 0.480000 0.224080
    endloop
  endfacet
  facet normal 0.000000 0.000000 0.000000
    outer loop
      vertex 0.084360 0.480000 0.132360
      vertex 0.080000 0.480000 0.224080
      vertex 0.091840 0.480000 0.221720
    endloop
  endfacet
  facet normal 0.000000 0.000000 0.000000
    outer loop
      vertex -0.132360 0.480000 0.084360
      vertex -0.135280 0.480000 0.080000
      vertex -0.224080 0.480000 0.080000
    endloop
  endfacet
  facet normal 0.000000 0.000000 0.000000
    outer loop
      vertex -0.132360 0.480000 0.084360
      vertex -0.224080 0.480000 0.080000
      vertex -0.221720 0.480000 0.091840
    endloop
  endfacet
  facet normal 0.000000 0.000000 0.000000
    outer loop
      vertex -0.091840 0.480000 0.221720
      vertex -0.080000 0.480000 0.224080
      vertex -0.080000 0.480000 0.135280
    endloop
  endfacet
  facet normal 0.000000 0.000000 0.000000
    outer loop
      vertex -0.091840 0.480000 0.221720
      vertex -0.080000 0.480000 0.135280
      vertex -0.084360 0.480000 0.132360
    endloop
  endfacet
  facet normal 0.000000 0.000000 0.000000
    outer loop
      vertex 0.091840 0.160000 -0.221720
      vertex 0.221720 0.160000 -0.091840
      vertex 0.132360 0.160000 -0.084360
    endloop
  endfacet
  facet normal 0.000000 0.000000 0.000000
    outer loop
      vertex 0.091840 0.160000 -0.221720
      vertex 0.132360 0.160000 -0.084360
      vertex 0.113120 0.160000 -0.113120
    endloop
  endfacet
  facet normal 0.000000 0.000000 0.000000
    outer loop
      vertex -0.221720 0.160000 -0.091840
      vertex -0.091840 0.160000 -0.221720
      vertex -0.084360 0.160000 -0.132360
    endloop
  endfacet
  facet normal 0.000000 0.000000 0.000000
    outer loop
      vertex -0.221720 0.160000 -0.091840
      vertex -0.084360 0.160000 -0.132360
      vertex -0.113120 0.160000 -0.113120
    endloop
  endfacet
  facet normal 0.000000 0.000000 0.000000
    outer loop
      vertex -0.091840 0.160000 0.221720
      vertex -0.221720 0.160000 0.091840
      vertex -0.132360 0.160000 0.084360
    endloop
  endfacet
  facet normal 0.000000 0.000000 0.000000
    outer loop
      vertex -0.091840 0.160000 0.221720
      vertex -0.132360 0.160000 0.084360
      vertex -0.113120 0.160000 0.113120
    endloop
  endfacet
  facet normal 0.000000 0.000000 0.000000
    outer loop
      vertex 0.221720 0.160000 0.091840
      vertex 0.091840 0.160000 0.221720
      vertex 0.084360 0.160000 0.132360
    endloop
  endfacet
  facet normal 0.000000 0.000000 0.000000
    outer loop
      vertex 0.221720 0.160000 0.091840
      vertex 0.084360 0.160000 0.132360
      vertex 0.113120 0.160000 0.113120
    endloop
  endfacet
  facet normal 0.000000 0.000000 0.000000
    outer loop
      vertex 0.091840 0.480000 0.221720
      vertex 0.221720 0.480000 0.091840
      vertex 0.132360 0.480000 0.084360
    endloop
  endfacet
  facet normal 0.000000 0.000000 0.000000
    outer loop
      vertex 0.091840 0.480000 0.221720
      vertex 0.132360 0.480000 0.084360
      vertex 0.113120 0.480000 0.113120
    endloop
  endfacet
  facet normal 0.000000 0.000000 0.000000
    outer loop
      vertex -0.221720 0.480000 0.091840
      vertex -0.091840 0.480000 0.221720
      vertex -0.084360 0.480000 0.132360
    endloop
  endfacet
  facet normal 0.000000 0.000000 0.000000
    outer loop
      vertex -0.221720 0.480000 0.091840
      vertex -0.084360 0.480000 0.132360
      vertex -0.113120 0.480000 0.113120
    endloop
  endfacet
  facet normal 0.000000 0.000000 0.000000
    outer loop
      vertex -0.091840 0.480000 -0.221720
      vertex -0.221720 0.480000 -0.091840
      vertex -0.132360 0.480000 -0.084360
    endloop
  endfacet
  facet normal 0.000000 0.000000 0.000000
    outer loop
      vertex -0.091840 0.480000 -0.221720
      vertex -0.132360 0.480000 -0.084360
      vertex -0.113120 0.480000 -0.113120
    endloop
  endfacet
  facet normal 0.000000 0.000000 0.000000
    outer loop
      vertex 0.221720 0.480000 -0.091840
      vertex 0.091840 0.480000 -0.221720
      vertex 0.084360 0.480000 -0.132360
    endloop
  endfacet
  facet normal 0.000000 0.000000 0.000000
    outer loop
      vertex 0.221720 0.480000 -0.091840
      vertex 0.084360 0.480000 -0.132360
      vertex 0.113120 0.480000 -0.113120
    endloop
  endfacet
  facet normal 0.000000 0.000000 0.000000
    outer loop
      vertex -0.135280 0.480000 0.080000
      vertex -0.113120 0.480000 0.113120
      vertex -0.113120 0.160000 0.113120
    endloop
  endfacet
  facet normal 0.000000 0.000000 0.000000
    outer loop
      vertex -0.135280 0.480000 0.080000
      vertex -0.113120 0.160000 0.113120
      vertex -0.135280 0.160000 0.080000
    endloop
  endfacet
  facet normal 0.000000 0.000000 0.000000
    outer loop
      vertex -0.113120 0.480000 0.113120
      vertex -0.080000 0.480000 0.135280
      vertex -0.080000 0.160000 0.135280
    endloop
  endfacet
  facet normal 0.000000 0.000000 0.000000
    outer loop
      vertex -0.113120 0.480000 0.113120
      vertex -0.080000 0.160000 0.135280
      vertex -0.113120 0.160000 0.113120
    endloop
  endfacet
  facet normal 0.000000 0.000000 0.000000
    outer loop
      vertex 0.080000 0.480000 0.135280
      vertex 0.113120 0.480000 0.113120
      vertex 0.113120 0.160000 0.113120
    endloop
  endfacet
  facet normal 0.000000 0.000000 0.000000
    outer loop
      vertex 0.080000 0.480000 0.135280
      vertex 0.113120 0.160000 0.113120
      vertex 0.080000 0.160000 0.135280
    endloop
  endfacet
  facet normal 0.000000 0.000000 0.000000
    outer loop
      vertex 0.113120 0.480000 0.113120
      vertex 0.135280 0.480000 0.080000
      vertex 0.135280 0.160000 0.080000
    endloop
  endfacet
  facet normal 0.000000 0.000000 0.000000
    outer loop
      vertex 0.113120 0.480000 0.113120
      vertex 0.135280 0.160000 0.080000
      vertex 0.113120 0.160000 0.113120
    endloop
  endfacet
  facet normal 0.000000 0.000000 0.000000
    outer loop
      vertex 0.135280 0.480000 -0.080000
      vertex 0.113120 0.480000 -0.113120
      vertex 0.113120 0.160000 -0.113120
    endloop
  endfacet
  facet normal 0.000000 0.000000 0.000000
    outer loop
      vertex 0.135280 0.480000 -0.080000
      vertex 0.113120 0.160000 -0.113120
      vertex 0.135280 0.160000 -0.080000
    endloop
  endfacet
  facet normal 0.000000 0.000000 0.000000
    outer loop
      vertex 0.113120 0.480000 -0.113120
      vertex 0.080000 0.480000 -0.135280
      vertex 0.080000 0.160000 -0.135280
    endloop
  endfacet
  facet normal 0.000000 0.000000 0.000000
    outer loop
      vertex 0.113120 0.480000 -0.113120
      vertex 0.080000 0.160000 -0.135280
      vertex 0.113120 0.160000 -0.113120
    endloop
  endfacet
  facet normal 0.000000 0.000000 0.000000
    outer loop
      vertex -0.080000 0.480000 -0.135280
      vertex -0.113120 0.480000 -0.113120
      vertex -0.113120 0.160000 -0.113120
    endloop
  endfacet
