solid MYSOLID created by LDView, original data in 3942b.dat
  facet normal 0.000000 0.000000 0.000000
    outer loop
      vertex 0.640000 1.760000 0.000000
      vertex 0.591200 1.760000 0.244800
      vertex 0.640000 1.760000 0.454400
    endloop
  endfacet
  facet normal 0.000000 0.000000 0.000000
    outer loop
      vertex 0.454400 1.760000 0.640000
      vertex 0.244800 1.760000 0.591200
      vertex 0.000000 1.760000 0.640000
    endloop
  endfacet
  facet normal 0.000000 0.000000 0.000000
    outer loop
      vertex -0.640000 1.760000 0.454400
      vertex -0.591200 1.760000 0.244800
      vertex -0.640000 1.760000 0.000000
    endloop
  endfacet
  facet normal 0.000000 0.000000 0.000000
    outer loop
      vertex 0.000000 1.760000 0.640000
      vertex -0.244800 1.760000 0.591200
      vertex -0.454400 1.760000 0.640000
    endloop
  endfacet
  facet normal 0.000000 0.000000 0.000000
    outer loop
      vertex 0.640000 1.760000 -0.454400
      vertex 0.591200 1.760000 -0.244800
      vertex 0.640000 1.760000 0.000000
    endloop
  endfacet
  facet normal 0.000000 0.000000 0.000000
    outer loop
      vertex 0.000000 1.760000 -0.640000
      vertex 0.244800 1.760000 -0.591200
      vertex 0.454400 1.760000 -0.640000
    endloop
  endfacet
  facet normal 0.000000 0.000000 0.000000
    outer loop
      vertex -0.640000 1.760000 0.000000
      vertex -0.591200 1.760000 -0.244800
      vertex -0.640000 1.760000 -0.454400
    endloop
  endfacet
  facet normal 0.000000 0.000000 0.000000
    outer loop
      vertex -0.454400 1.760000 -0.640000
      vertex -0.244800 1.760000 -0.591200
      vertex 0.000000 1.760000 -0.640000
    endloop
  endfacet
  facet normal 0.000000 0.000000 0.000000
    outer loop
      vertex 0.221732 0.160000 0.091844
      vertex 0.091844 0.160000 0.221732
      vertex 0.100000 0.160000 0.100000
    endloop
  endfacet
  facet normal 0.000000 0.000000 0.000000
    outer loop
      vertex -0.100000 0.160000 0.100000
      vertex -0.091844 0.160000 0.221732
      vertex -0.221732 0.160000 0.091844
    endloop
  endfacet
  facet normal 0.000000 0.000000 0.000000
    outer loop
      vertex -0.221732 0.160000 -0.091844
      vertex -0.091844 0.160000 -0.221732
      vertex -0.100000 0.160000 -0.100000
    endloop
  endfacet
  facet normal 0.000000 0.000000 0.000000
    outer loop
      vertex 0.091844 0.160000 -0.221732
      vertex 0.221732 0.160000 -0.091844
      vertex 0.100000 0.160000 -0.100000
    endloop
  endfacet
  facet normal 0.000000 0.000000 0.000000
    outer loop
      vertex 0.221731 0.160000 0.091844
      vertex 0.169706 0.160000 0.169706
      vertex 0.091844 0.160000 0.221731
    endloop
  endfacet
  facet normal 0.000000 0.000000 0.000000
    outer loop
      vertex -0.091844 0.160000 0.221731
      vertex -0.169706 0.160000 0.169706
      vertex -0.221731 0.160000 0.091844
    endloop
  endfacet
  facet normal 0.000000 0.000000 0.000000
    outer loop
      vertex -0.221731 0.160000 -0.091844
      vertex -0.169706 0.160000 -0.169706
      vertex -0.091844 0.160000 -0.221731
    endloop
  endfacet
  facet normal 0.000000 0.000000 0.000000
    outer loop
      vertex 0.091844 0.160000 -0.221731
      vertex 0.169706 0.160000 -0.169706
      vertex 0.221731 0.160000 -0.091844
    endloop
  endfacet
  facet normal 0.000000 0.000000 0.000000
    outer loop
      vertex 0.221732 0.480000 -0.091844
      vertex 0.091844 0.480000 -0.221732
      vertex 0.100000 0.480000 -0.100000
    endloop
  endfacet
  facet normal 0.000000 0.000000 0.000000
    outer loop
      vertex -0.100000 0.480000 -0.100000
      vertex -0.091844 0.480000 -0.221732
      vertex -0.221732 0.480000 -0.091844
    endloop
  endfacet
  facet normal 0.000000 0.000000 0.000000
    outer loop
      vertex -0.221732 0.480000 0.091844
      vertex -0.091844 0.480000 0.221732
      vertex -0.100000 0.480000 0.100000
    endloop
  endfacet
  facet normal 0.000000 0.000000 0.000000
    outer loop
      vertex 0.091844 0.480000 0.221732
      vertex 0.221732 0.480000 0.091844
      vertex 0.100000 0.480000 0.100000
    endloop
  endfacet
  facet normal 0.000000 0.000000 0.000000
    outer loop
      vertex 0.221731 0.480000 -0.091844
      vertex 0.169706 0.480000 -0.169706
      vertex 0.091844 0.480000 -0.221731
    endloop
  endfacet
  facet normal 0.000000 0.000000 0.000000
    outer loop
      vertex -0.091844 0.480000 -0.221731
      vertex -0.169706 0.480000 -0.169706
      vertex -0.221731 0.480000 -0.091844
    endloop
  endfacet
  facet normal 0.000000 0.000000 0.000000
    outer loop
      vertex -0.221731 0.480000 0.091844
      vertex -0.169706 0.480000 0.169706
      vertex -0.091844 0.480000 0.221731
    endloop
  endfacet
  facet normal 0.000000 0.000000 0.000000
    outer loop
      vertex 0.091844 0.480000 0.221731
      vertex 0.169706 0.480000 0.169706
      vertex 0.221731 0.480000 0.091844
    endloop
  endfacet
  facet normal 0.000000 0.000000 0.000000
    outer loop
      vertex 0.640000 1.920000 0.000000
      vertex 0.640000 1.920000 0.454400
      vertex 0.739200 1.920000 0.306000
    endloop
  endfacet
  facet normal 0.000000 0.000000 0.000000
    outer loop
      vertex 0.640000 1.920000 0.000000
      vertex 0.739200 1.920000 0.306000
      vertex 0.800000 1.920000 0.000000
    endloop
  endfacet
  facet normal 0.000000 0.000000 0.000000
    outer loop
      vertex 0.000000 1.920000 0.640000
      vertex 0.000000 1.920000 0.800000
      vertex 0.306000 1.920000 0.739200
    endloop
  endfacet
  facet normal 0.000000 0.000000 0.000000
    outer loop
      vertex 0.000000 1.920000 0.640000
      vertex 0.306000 1.920000 0.739200
      vertex 0.454400 1.920000 0.640000
    endloop
  endfacet
  facet normal 0.000000 0.000000 0.000000
    outer loop
      vertex -0.640000 1.920000 0.000000
      vertex -0.800000 1.920000 0.000000
      vertex -0.739200 1.920000 0.306000
    endloop
  endfacet
  facet normal 0.000000 0.000000 0.000000
    outer loop
      vertex -0.640000 1.920000 0.000000
      vertex -0.739200 1.920000 0.306000
      vertex -0.640000 1.920000 0.454400
    endloop
  endfacet
  facet normal 0.000000 0.000000 0.000000
    outer loop
      vertex 0.000000 1.920000 0.640000
      vertex -0.454400 1.920000 0.640000
      vertex -0.306000 1.920000 0.739200
    endloop
  endfacet
  facet normal 0.000000 0.000000 0.000000
    outer loop
      vertex 0.000000 1.920000 0.640000
      vertex -0.306000 1.920000 0.739200
      vertex 0.000000 1.920000 0.800000
    endloop
  endfacet
  facet normal 0.000000 0.000000 0.000000
    outer loop
      vertex 0.640000 1.920000 0.000000
      vertex 0.800000 1.920000 0.000000
      vertex 0.739200 1.920000 -0.306000
    endloop
  endfacet
  facet normal 0.000000 0.000000 0.000000
    outer loop
      vertex 0.640000 1.920000 0.000000
      vertex 0.739200 1.920000 -0.306000
      vertex 0.640000 1.920000 -0.454400
    endloop
  endfacet
  facet normal 0.000000 0.000000 0.000000
    outer loop
      vertex 0.000000 1.920000 -0.640000
      vertex 0.454400 1.920000 -0.640000
      vertex 0.306000 1.920000 -0.739200
    endloop
  endfacet
  facet normal 0.000000 0.000000 0.000000
    outer loop
      vertex 0.000000 1.920000 -0.640000
      vertex 0.306000 1.920000 -0.739200
      vertex 0.000000 1.920000 -0.800000
    endloop
  endfacet
  facet normal 0.000000 0.000000 0.000000
    outer loop
      vertex -0.640000 1.920000 0.000000
      vertex -0.640000 1.920000 -0.454400
      vertex -0.739200 1.920000 -0.306000
    endloop
  endfacet
  facet normal 0.000000 0.000000 0.000000
    outer loop
      vertex -0.640000 1.920000 0.000000
      vertex -0.739200 1.920000 -0.306000
      vertex -0.800000 1.920000 0.000000
    endloop
  endfacet
  facet normal 0.000000 0.000000 0.000000
    outer loop
      vertex 0.000000 1.920000 -0.640000
      vertex 0.000000 1.920000 -0.800000
      vertex -0.306000 1.920000 -0.739200
    endloop
  endfacet
  facet normal 0.000000 0.000000 0.000000
    outer loop
      vertex 0.000000 1.920000 -0.640000
      vertex -0.306000 1.920000 -0.739200
      vertex -0.454400 1.920000 -0.640000
    endloop
  endfacet
  facet normal 0.000000 0.000000 0.000000
    outer loop
      vertex 0.739200 1.920000 0.306000
      vertex 0.739200 1.760000 0.306000
      vertex 0.800000 1.760000 0.000000
    endloop
  endfacet
  facet normal 0.000000 0.000000 0.000000
    outer loop
      vertex 0.739200 1.920000 0.306000
      vertex 0.800000 1.760000 0.000000
      vertex 0.800000 1.920000 0.000000
    endloop
  endfacet
  facet normal 0.000000 0.000000 0.000000
    outer loop
      vertex 0.306000 1.920000 0.739200
      vertex 0.000000 1.920000 0.800000
      vertex 0.000000 1.760000 0.800000
    endloop
  endfacet
  facet normal 0.000000 0.000000 0.000000
    outer loop
      vertex 0.306000 1.920000 0.739200
      vertex 0.000000 1.760000 0.800000
      vertex 0.306000 1.760000 0.739200
    endloop
  endfacet
  facet normal 0.000000 0.000000 0.000000
    outer loop
      vertex 0.640000 1.920000 0.454400
      vertex 0.640000 1.760000 0.454400
      vertex 0.739200 1.760000 0.306000
    endloop
  endfacet
  facet normal 0.000000 0.000000 0.000000
    outer loop
      vertex 0.640000 1.920000 0.454400
      vertex 0.739200 1.760000 0.306000
      vertex 0.739200 1.920000 0.306000
    endloop
  endfacet
  facet normal 0.000000 0.000000 0.000000
    outer loop
      vertex 0.454400 1.920000 0.640000
      vertex 0.306000 1.920000 0.739200
      vertex 0.306000 1.760000 0.739200
    endloop
  endfacet
  facet normal 0.000000 0.000000 0.000000
    outer loop
      vertex 0.454400 1.920000 0.640000
      vertex 0.306000 1.760000 0.739200
      vertex 0.454400 1.760000 0.640000
    endloop
  endfacet
  facet normal 0.000000 0.000000 0.000000
    outer loop
      vertex 0.640000 1.920000 0.000000
      vertex 0.640000 1.760000 0.000000
      vertex 0.640000 1.760000 0.454400
    endloop
  endfacet
  facet normal 0.000000 0.000000 0.000000
    outer loop
      vertex 0.640000 1.920000 0.000000
      vertex 0.640000 1.760000 0.454400
      vertex 0.640000 1.920000 0.454400
    endloop
  endfacet
  facet normal 0.000000 0.000000 0.000000
    outer loop
      vertex 0.000000 1.920000 0.640000
      vertex 0.454400 1.920000 0.640000
      vertex 0.454400 1.760000 0.640000
    endloop
  endfacet
  facet normal 0.000000 0.000000 0.000000
    outer loop
      vertex 0.000000 1.920000 0.640000
      vertex 0.454400 1.760000 0.640000
      vertex 0.000000 1.760000 0.640000
    endloop
  endfacet
  facet normal 0.000000 0.000000 0.000000
    outer loop
      vertex -0.739200 1.920000 0.306000
      vertex -0.800000 1.920000 0.000000
      vertex -0.800000 1.760000 0.000000
    endloop
  endfacet
  facet normal 0.000000 0.000000 0.000000
    outer loop
      vertex -0.739200 1.920000 0.306000
      vertex -0.800000 1.760000 0.000000
      vertex -0.739200 1.760000 0.306000
    endloop
  endfacet
  facet normal 0.000000 0.000000 0.000000
    outer loop
      vertex -0.306000 1.920000 0.739200
      vertex -0.306000 1.760000 0.739200
      vertex 0.000000 1.760000 0.800000
    endloop
  endfacet
  facet normal 0.000000 0.000000 0.000000
    outer loop
      vertex -0.306000 1.920000 0.739200
      vertex 0.000000 1.760000 0.800000
      vertex 0.000000 1.920000 0.800000
    endloop
  endfacet
  facet normal 0.000000 0.000000 0.000000
    outer loop
      vertex -0.640000 1.920000 0.454400
      vertex -0.739200 1.920000 0.306000
      vertex -0.739200 1.760000 0.306000
    endloop
  endfacet
  facet normal 0.000000 0.000000 0.000000
    outer loop
      vertex -0.640000 1.920000 0.454400
      vertex -0.739200 1.760000 0.306000
      vertex -0.640000 1.760000 0.454400
    endloop
  endfacet
  facet normal 0.000000 0.000000 0.000000
    outer loop
      vertex -0.454400 1.920000 0.640000
      vertex -0.454400 1.760000 0.640000
      vertex -0.306000 1.760000 0.739200
    endloop
  endfacet
  facet normal 0.000000 0.000000 0.000000
    outer loop
      vertex -0.454400 1.920000 0.640000
      vertex -0.306000 1.760000 0.739200
      vertex -0.306000 1.920000 0.739200
    endloop
  endfacet
  facet normal 0.000000 0.000000 0.000000
    outer loop
      vertex -0.640000 1.920000 0.000000
      vertex -0.640000 1.920000 0.454400
      vertex -0.640000 1.760000 0.454400
    endloop
  endfacet
  facet normal 0.000000 0.000000 0.000000
    outer loop
      vertex -0.640000 1.920000 0.000000
      vertex -0.640000 1.760000 0.454400
      vertex -0.640000 1.760000 0.000000
    endloop
  endfacet
  facet normal 0.000000 0.000000 0.000000
    outer loop
      vertex 0.000000 1.920000 0.640000
      vertex 0.000000 1.760000 0.640000
      vertex -0.454400 1.760000 0.640000
    endloop
  endfacet
  facet normal 0.000000 0.000000 0.000000
    outer loop
      vertex 0.000000 1.920000 0.640000
      vertex -0.454400 1.760000 0.640000
      vertex -0.454400 1.920000 0.640000
    endloop
  endfacet
  facet normal 0.000000 0.000000 0.000000
    outer loop
      vertex 0.739200 1.920000 -0.306000
      vertex 0.800000 1.920000 0.000000
      vertex 0.800000 1.760000 0.000000
    endloop
  endfacet
  facet normal 0.000000 0.000000 0.000000
    outer loop
      vertex 0.739200 1.920000 -0.306000
      vertex 0.800000 1.760000 0.000000
      vertex 0.739200 1.760000 -0.306000
    endloop
  endfacet
  facet normal 0.000000 0.000000 0.000000
    outer loop
      vertex 0.306000 1.920000 -0.739200
      vertex 0.306000 1.760000 -0.739200
      vertex 0.000000 1.760000 -0.800000
    endloop
  endfacet
  facet normal 0.000000 0.000000 0.000000
    outer loop
      vertex 0.306000 1.920000 -0.739200
      vertex 0.000000 1.760000 -0.800000
      vertex 0.000000 1.920000 -0.800000
    endloop
  endfacet
  facet normal 0.000000 0.000000 0.000000
    outer loop
      vertex 0.640000 1.920000 -0.454400
      vertex 0.739200 1.920000 -0.306000
      vertex 0.739200 1.760000 -0.306000
    endloop
  endfacet
  facet normal 0.000000 0.000000 0.000000
    outer loop
      vertex 0.640000 1.920000 -0.454400
      vertex 0.739200 1.760000 -0.306000
      vertex 0.640000 1.760000 -0.454400
    endloop
  endfacet
  facet normal 0.000000 0.000000 0.000000
    outer loop
      vertex 0.454400 1.920000 -0.640000
      vertex 0.454400 1.760000 -0.640000
      vertex 0.306000 1.760000 -0.739200
    endloop
  endfacet
  facet normal 0.000000 0.000000 0.000000
    outer loop
      vertex 0.454400 1.920000 -0.640000
      vertex 0.306000 1.760000 -0.739200
      vertex 0.306000 1.920000 -0.739200
    endloop
  endfacet
  facet normal 0.000000 0.000000 0.000000
    outer loop
      vertex 0.640000 1.920000 0.000000
      vertex 0.640000 1.920000 -0.454400
      vertex 0.640000 1.760000 -0.454400
    endloop
  endfacet
  facet normal 0.000000 0.000000 0.000000
    outer loop
      vertex 0.640000 1.920000 0.000000
      vertex 0.640000 1.760000 -0.454400
      vertex 0.640000 1.760000 0.000000
    endloop
  endfacet
  facet normal 0.000000 0.000000 0.000000
    outer loop
      vertex 0.000000 1.920000 -0.640000
      vertex 0.000000 1.760000 -0.640000
      vertex 0.454400 1.760000 -0.640000
    endloop
  endfacet
  facet normal 0.000000 0.000000 0.000000
    outer loop
      vertex 0.000000 1.920000 -0.640000
      vertex 0.454400 1.760000 -0.640000
      vertex 0.454400 1.920000 -0.640000
    endloop
  endfacet
  facet normal 0.000000 0.000000 0.000000
    outer loop
      vertex -0.739200 1.920000 -0.306000
      vertex -0.739200 1.760000 -0.306000
      vertex -0.800000 1.760000 0.000000
    endloop
  endfacet
  facet normal 0.000000 0.000000 0.000000
    outer loop
      vertex -0.739200 1.920000 -0.306000
      vertex -0.800000 1.760000 0.000000
      vertex -0.800000 1.920000 0.000000
    endloop
  endfacet
  facet normal 0.000000 0.000000 0.000000
    outer loop
      vertex -0.306000 1.920000 -0.739200
      vertex 0.000000 1.920000 -0.800000
      vertex 0.000000 1.760000 -0.800000
    endloop
  endfacet
  facet normal 0.000000 0.000000 0.000000
    outer loop
      vertex -0.306000 1.920000 -0.739200
      vertex 0.000000 1.760000 -0.800000
      vertex -0.306000 1.760000 -0.739200
    endloop
  endfacet
  facet normal 0.000000 0.000000 0.000000
    outer loop
      vertex -0.640000 1.920000 -0.454400
      vertex -0.640000 1.760000 -0.454400
      vertex -0.739200 1.760000 -0.306000
    endloop
  endfacet
  facet normal 0.000000 0.000000 0.000000
    outer loop
      vertex -0.640000 1.920000 -0.454400
      vertex -0.739200 1.760000 -0.306000
      vertex -0.739200 1.920000 -0.306000
    endloop
  endfacet
  facet normal 0.000000 0.000000 0.000000
    outer loop
      vertex -0.454400 1.920000 -0.640000
      vertex -0.306000 1.920000 -0.739200
      vertex -0.306000 1.760000 -0.739200
    endloop
  endfacet
  facet normal 0.000000 0.000000 0.000000
    outer loop
      vertex -0.454400 1.920000 -0.640000
      vertex -0.306000 1.760000 -0.739200
      vertex -0.454400 1.760000 -0.640000
    endloop
  endfacet
  facet normal 0.000000 0.000000 0.000000
    outer loop
      vertex -0.640000 1.920000 0.000000
      vertex -0.640000 1.760000 0.000000
      vertex -0.640000 1.760000 -0.454400
    endloop
  endfacet
  facet normal 0.000000 0.000000 0.000000
    outer loop
      vertex -0.640000 1.920000 0.000000
      vertex -0.640000 1.760000 -0.454400
      vertex -0.640000 1.920000 -0.454400
    endloop
  endfacet
  facet normal 0.000000 0.000000 0.000000
    outer loop
      vertex 0.000000 1.920000 -0.640000
      vertex -0.454400 1.920000 -0.640000
      vertex -0.454400 1.760000 -0.640000
    endloop
  endfacet
  facet normal 0.000000 0.000000 0.000000
    outer loop
      vertex 0.000000 1.920000 -0.640000
      vertex -0.454400 1.760000 -0.640000
      vertex 0.000000 1.760000 -0.640000
    endloop
  endfacet
  facet normal 0.000000 0.000000 0.000000
    outer loop
      vertex 0.640000 1.760000 0.454400
      vertex 0.591200 1.760000 0.244800
      vertex 0.452400 1.760000 0.452400
    endloop
  endfacet
  facet normal 0.000000 0.000000 0.000000
    outer loop
      vertex 0.640000 1.760000 0.454400
      vertex 0.452400 1.760000 0.452400
      vertex 0.565600 1.760000 0.565600
    endloop
  endfacet
  facet normal 0.000000 0.000000 0.000000
    outer loop
      vertex 0.454400 1.760000 0.640000
      vertex 0.565600 1.760000 0.565600
      vertex 0.452400 1.760000 0.452400
    endloop
  endfacet
  facet normal 0.000000 0.000000 0.000000
    outer loop
      vertex 0.454400 1.760000 0.640000
      vertex 0.452400 1.760000 0.452400
      vertex 0.244800 1.760000 0.591200
    endloop
  endfacet
  facet normal 0.000000 0.000000 0.000000
    outer loop
      vertex -0.640000 1.760000 0.454400
      vertex -0.565600 1.760000 0.565600
      vertex -0.452400 1.760000 0.452400
    endloop
  endfacet
  facet normal 0.000000 0.000000 0.000000
    outer loop
      vertex -0.640000 1.760000 0.454400
      vertex -0.452400 1.760000 0.452400
      vertex -0.591200 1.760000 0.244800
    endloop
  endfacet
  facet normal 0.000000 0.000000 0.000000
    outer loop
      vertex -0.454400 1.760000 0.640000
      vertex -0.244800 1.760000 0.591200
      vertex -0.452400 1.760000 0.452400
    endloop
  endfacet
  facet normal 0.000000 0.000000 0.000000
    outer loop
      vertex -0.454400 1.760000 0.640000
      vertex -0.452400 1.760000 0.452400
      vertex -0.565600 1.760000 0.565600
    endloop
  endfacet
  facet normal 0.000000 0.000000 0.000000
    outer loop
      vertex 0.640000 1.760000 -0.454400
      vertex 0.565600 1.760000 -0.565600
      vertex 0.452400 1.760000 -0.452400
    endloop
  endfacet
  facet normal 0.000000 0.000000 0.000000
    outer loop
      vertex 0.640000 1.760000 -0.454400
      vertex 0.452400 1.760000 -0.452400
      vertex 0.591200 1.760000 -0.244800
    endloop
  endfacet
  facet normal 0.000000 0.000000 0.000000
    outer loop
      vertex 0.454400 1.760000 -0.640000
      vertex 0.244800 1.760000 -0.591200
      vertex 0.452400 1.760000 -0.452400
    endloop
  endfacet
  facet normal 0.000000 0.000000 0.000000
    outer loop
      vertex 0.454400 1.760000 -0.640000
      vertex 0.452400 1.760000 -0.452400
      vertex 0.565600 1.760000 -0.565600
    endloop
  endfacet
  facet normal 0.000000 0.000000 0.000000
    outer loop
      vertex -0.640000 1.760000 -0.454400
      vertex -0.591200 1.760000 -0.244800
      vertex -0.452400 1.760000 -0.452400
    endloop
  endfacet
  facet normal 0.000000 0.000000 0.000000
    outer loop
      vertex -0.640000 1.760000 -0.454400
      vertex -0.452400 1.760000 -0.452400
      vertex -0.565600 1.760000 -0.565600
    endloop
  endfacet
  facet normal 0.000000 0.000000 0.000000
    outer loop
      vertex -0.454400 1.760000 -0.640000
      vertex -0.565600 1.760000 -0.565600
      vertex -0.452400 1.760000 -0.452400
    endloop
  endfacet
  facet normal 0.000000 0.000000 0.000000
    outer loop
      vertex -0.454400 1.760000 -0.640000
      vertex -0.452400 1.760000 -0.452400
      vertex -0.244800 1.760000 -0.591200
    endloop
  endfacet
  facet normal 0.000000 0.000000 0.000000
    outer loop
      vertex 0.240000 1.920000 0.000000
      vertex 0.320000 1.920000 0.000000
      vertex 0.226274 1.920000 -0.226274
    endloop
  endfacet
  facet normal 0.000000 0.000000 0.000000
    outer loop
      vertex 0.240000 1.920000 0.000000
      vertex 0.226274 1.920000 -0.226274
      vertex 0.169706 1.920000 -0.169706
    endloop
  endfacet
  facet normal 0.000000 0.000000 0.000000
    outer loop
      vertex 0.169706 1.920000 -0.169706
      vertex 0.226274 1.920000 -0.226274
      vertex 0.000000 1.920000 -0.320000
    endloop
  endfacet
  facet normal 0.000000 0.000000 0.000000
    outer loop
      vertex 0.169706 1.920000 -0.169706
      vertex 0.000000 1.920000 -0.320000
      vertex 0.000000 1.920000 -0.240000
    endloop
  endfacet
  facet normal 0.000000 0.000000 0.000000
    outer loop
      vertex 0.000000 1.920000 -0.240000
      vertex 0.000000 1.920000 -0.320000
      vertex -0.226274 1.920000 -0.226274
    endloop
  endfacet
  facet normal 0.000000 0.000000 0.000000
    outer loop
      vertex 0.000000 1.920000 -0.240000
      vertex -0.226274 1.920000 -0.226274
      vertex -0.169706 1.920000 -0.169706
    endloop
  endfacet
  facet normal 0.000000 0.000000 0.000000
    outer loop
      vertex -0.169706 1.920000 -0.169706
      vertex -0.226274 1.920000 -0.226274
      vertex -0.320000 1.920000 -0.000000
    endloop
  endfacet
  facet normal 0.000000 0.000000 0.000000
    outer loop
      vertex -0.169706 1.920000 -0.169706
      vertex -0.320000 1.920000 -0.000000
      vertex -0.240000 1.920000 -0.000000
    endloop
  endfacet
  facet normal 0.000000 0.000000 0.000000
    outer loop
      vertex -0.240000 1.920000 -0.000000
      vertex -0.320000 1.920000 -0.000000
      vertex -0.226274 1.920000 0.226274
    endloop
  endfacet
  facet normal 0.000000 0.000000 0.000000
    outer loop
      vertex -0.240000 1.920000 -0.000000
      vertex -0.226274 1.920000 0.226274
      vertex -0.169706 1.920000 0.169706
    endloop
  endfacet
  facet normal 0.000000 0.000000 0.000000
    outer loop
      vertex -0.169706 1.920000 0.169706
      vertex -0.226274 1.920000 0.226274
      vertex -0.000000 1.920000 0.320000
    endloop
  endfacet
  facet normal 0.000000 0.000000 0.000000
    outer loop
      vertex -0.169706 1.920000 0.169706
      vertex -0.000000 1.920000 0.320000
      vertex -0.000000 1.920000 0.240000
    endloop
  endfacet
  facet normal 0.000000 0.000000 0.000000
    outer loop
      vertex -0.000000 1.920000 0.240000
      vertex -0.000000 1.920000 0.320000
      vertex 0.226274 1.920000 0.226274
    endloop
  endfacet
  facet normal 0.000000 0.000000 0.000000
    outer loop
      vertex -0.000000 1.920000 0.240000
      vertex 0.226274 1.920000 0.226274
      vertex 0.169706 1.920000 0.169706
    endloop
  endfacet
  facet normal 0.000000 0.000000 0.000000
    outer loop
      vertex 0.169706 1.920000 0.169706
      vertex 0.226274 1.920000 0.226274
      vertex 0.320000 1.920000 0.000000
    endloop
  endfacet
  facet normal 0.000000 0.000000 0.000000
    outer loop
      vertex 0.169706 1.920000 0.169706
      vertex 0.320000 1.920000 0.000000
      vertex 0.240000 1.920000 0.000000
    endloop
  endfacet
  facet normal 0.000000 0.000000 0.000000
    outer loop
      vertex 0.320000 1.920000 0.000000
      vertex 0.320000 0.480000 0.000000
      vertex 0.226274 0.480000 -0.226274
    endloop
  endfacet
  facet normal 0.000000 0.000000 0.000000
    outer loop
      vertex 0.320000 1.920000 0.000000
      vertex 0.226274 0.480000 -0.226274
      vertex 0.226274 1.920000 -0.226274
    endloop
  endfacet
  facet normal 0.000000 0.000000 0.000000
    outer loop
      vertex 0.226274 1.920000 -0.226274
      vertex 0.226274 0.480000 -0.226274
      vertex 0.000000 0.480000 -0.320000
    endloop
  endfacet
  facet normal 0.000000 0.000000 0.000000
    outer loop
      vertex 0.226274 1.920000 -0.226274
      vertex 0.000000 0.480000 -0.320000
      vertex 0.000000 1.920000 -0.320000
    endloop
  endfacet
  facet normal 0.000000 0.000000 0.000000
    outer loop
      vertex 0.000000 1.920000 -0.320000
      vertex 0.000000 0.480000 -0.320000
      vertex -0.226274 0.480000 -0.226274
    endloop
  endfacet
  facet normal 0.000000 0.000000 0.000000
    outer loop
      vertex 0.000000 1.920000 -0.320000
      vertex -0.226274 0.480000 -0.226274
      vertex -0.226274 1.920000 -0.226274
    endloop
  endfacet
  facet normal 0.000000 0.000000 0.000000
    outer loop
      vertex -0.226274 1.920000 -0.226274
      vertex -0.226274 0.480000 -0.226274
      vertex -0.320000 0.480000 -0.000000
    endloop
  endfacet
  facet normal 0.000000 0.000000 0.000000
    outer loop
      vertex -0.226274 1.920000 -0.226274
      vertex -0.320000 0.480000 -0.000000
      vertex -0.320000 1.920000 -0.000000
    endloop
  endfacet
  facet normal 0.000000 0.000000 0.000000
    outer loop
      vertex -0.320000 1.920000 -0.000000
      vertex -0.320000 0.480000 -0.000000
      vertex -0.226274 0.480000 0.226274
    endloop
  endfacet
  facet normal 0.000000 0.000000 0.000000
    outer loop
      vertex -0.320000 1.920000 -0.000000
      vertex -0.226274 0.480000 0.226274
      vertex -0.226274 1.920000 0.226274
    endloop
  endfacet
  facet normal 0.000000 0.000000 0.000000
    outer loop
      vertex -0.226274 1.920000 0.226274
      vertex -0.226274 0.480000 0.226274
      vertex -0.000000 0.480000 0.320000
    endloop
  endfacet
  facet normal 0.000000 0.000000 0.000000
    outer loop
      vertex -0.226274 1.920000 0.226274
      vertex -0.000000 0.480000 0.320000
      vertex -0.000000 1.920000 0.320000
    endloop
  endfacet
  facet normal 0.000000 0.000000 0.000000
    outer loop
      vertex -0.000000 1.920000 0.320000
      vertex -0.000000 0.480000 0.320000
      vertex 0.226274 0.480000 0.226274
    endloop
  endfacet
  facet normal 0.000000 0.000000 0.000000
    outer loop
      vertex -0.000000 1.920000 0.320000
      vertex 0.226274 0.480000 0.226274
      vertex 0.226274 1.920000 0.226274
    endloop
  endfacet
  facet normal 0.000000 0.000000 0.000000
    outer loop
      vertex 0.226274 1.920000 0.226274
      vertex 0.226274 0.480000 0.226274
      vertex 0.320000 0.480000 0.000000
    endloop
  endfacet
  facet normal 0.000000 0.000000 0.000000
    outer loop
      vertex 0.226274 1.920000 0.226274
      vertex 0.320000 0.480000 0.000000
      vertex 0.320000 1.920000 0.000000
    endloop
  endfacet
  facet normal 0.000000 0.000000 0.000000
    outer loop
      vertex 0.240000 0.480000 0.000000
      vertex 0.240000 1.920000 0.000000
      vertex 0.169706 1.920000 -0.169706
    endloop
  endfacet
  facet normal 0.000000 0.000000 0.000000
    outer loop
      vertex 0.240000 0.480000 0.000000
      vertex 0.169706 1.920000 -0.169706
      vertex 0.169706 0.480000 -0.169706
    endloop
  endfacet
  facet normal 0.000000 0.000000 0.000000
    outer loop
      vertex 0.169706 0.480000 -0.169706
      vertex 0.169706 1.920000 -0.169706
      vertex 0.000000 1.920000 -0.240000
    endloop
  endfacet
  facet normal 0.000000 0.000000 0.000000
    outer loop
      vertex 0.169706 0.480000 -0.169706
      vertex 0.000000 1.920000 -0.240000
      vertex 0.000000 0.480000 -0.240000
    endloop
  endfacet
  facet normal 0.000000 0.000000 0.000000
    outer loop
      vertex 0.000000 0.480000 -0.240000
      vertex 0.000000 1.920000 -0.240000
      vertex -0.169706 1.920000 -0.169706
    endloop
  endfacet
  facet normal 0.000000 0.000000 0.000000
    outer loop
      vertex 0.000000 0.480000 -0.240000
      vertex -0.169706 1.920000 -0.169706
      vertex -0.169706 0.480000 -0.169706
    endloop
  endfacet
  facet normal 0.000000 0.000000 0.000000
    outer loop
      vertex -0.169706 0.480000 -0.169706
      vertex -0.169706 1.920000 -0.169706
      vertex -0.240000 1.920000 -0.000000
    endloop
  endfacet
  facet normal 0.000000 0.000000 0.000000
    outer loop
      vertex -0.169706 0.480000 -0.169706
      vertex -0.240000 1.920000 -0.000000
      vertex -0.240000 0.480000 -0.000000
    endloop
  endfacet
  facet normal 0.000000 0.000000 0.000000
    outer loop
      vertex -0.240000 0.480000 -0.000000
      vertex -0.240000 1.920000 -0.000000
      vertex -0.169706 1.920000 0.169706
    endloop
  endfacet
  facet normal 0.000000 0.000000 0.000000
    outer loop
      vertex -0.240000 0.480000 -0.000000
      vertex -0.169706 1.920000 0.169706
      vertex -0.169706 0.480000 0.169706
    endloop
  endfacet
  facet normal 0.000000 0.000000 0.000000
    outer loop
      vertex -0.169706 0.480000 0.169706
      vertex -0.169706 1.920000 0.169706
      vertex -0.000000 1.920000 0.240000
    endloop
  endfacet
  facet normal 0.000000 0.000000 0.000000
    outer loop
      vertex -0.169706 0.480000 0.169706
      vertex -0.000000 1.920000 0.240000
      vertex -0.000000 0.480000 0.240000
    endloop
  endfacet
  facet normal 0.000000 0.000000 0.000000
    outer loop
      vertex -0.000000 0.480000 0.240000
      vertex -0.000000 1.920000 0.240000
      vertex 0.169706 1.920000 0.169706
    endloop
  endfacet
  facet normal 0.000000 0.000000 0.000000
    outer loop
      vertex -0.000000 0.480000 0.240000
      vertex 0.169706 1.920000 0.169706
      vertex 0.169706 0.480000 0.169706
    endloop
  endfacet
  facet normal 0.000000 0.000000 0.000000
    outer loop
      vertex 0.169706 0.480000 0.169706
      vertex 0.169706 1.920000 0.169706
      vertex 0.240000 1.920000 0.000000
    endloop
  endfacet
  facet normal 0.000000 0.000000 0.000000
    outer loop
      vertex 0.169706 0.480000 0.169706
      vertex 0.240000 1.920000 0.000000
      vertex 0.240000 0.480000 0.000000
    endloop
  endfacet
  facet normal 0.000000 0.000000 0.000000
    outer loop
      vertex 0.320000 0.160000 0.000000
      vertex 0.320000 0.480000 0.000000
      vertex 0.295641 0.480000 0.122459
    endloop
  endfacet
  facet normal 0.000000 0.000000 0.000000
    outer loop
      vertex 0.320000 0.160000 0.000000
      vertex 0.295641 0.480000 0.122459
      vertex 0.295641 0.160000 0.122459
    endloop
  endfacet
  facet normal 0.000000 0.000000 0.000000
    outer loop
      vertex 0.295641 0.160000 0.122459
      vertex 0.295641 0.480000 0.122459
      vertex 0.226274 0.480000 0.226274
    endloop
  endfacet
  facet normal 0.000000 0.000000 0.000000
    outer loop
      vertex 0.295641 0.160000 0.122459
      vertex 0.226274 0.480000 0.226274
      vertex 0.226274 0.160000 0.226274
    endloop
  endfacet
  facet normal 0.000000 0.000000 0.000000
    outer loop
      vertex 0.226274 0.160000 0.226274
      vertex 0.226274 0.480000 0.226274
      vertex 0.122459 0.480000 0.295641
    endloop
  endfacet
  facet normal 0.000000 0.000000 0.000000
    outer loop
      vertex 0.226274 0.160000 0.226274
      vertex 0.122459 0.480000 0.295641
      vertex 0.122459 0.160000 0.295641
    endloop
  endfacet
  facet normal 0.000000 0.000000 0.000000
    outer loop
      vertex 0.122459 0.160000 0.295641
      vertex 0.122459 0.480000 0.295641
      vertex -0.000000 0.480000 0.320000
    endloop
  endfacet
  facet normal 0.000000 0.000000 0.000000
    outer loop
      vertex 0.122459 0.160000 0.295641
      vertex -0.000000 0.480000 0.320000
      vertex -0.000000 0.160000 0.320000
    endloop
  endfacet
  facet normal 0.000000 0.000000 0.000000
    outer loop
      vertex -0.000000 0.160000 0.320000
      vertex -0.000000 0.480000 0.320000
      vertex -0.122459 0.480000 0.295641
    endloop
  endfacet
  facet normal 0.000000 0.000000 0.000000
    outer loop
      vertex -0.000000 0.160000 0.320000
      vertex -0.122459 0.480000 0.295641
      vertex -0.122459 0.160000 0.295641
    endloop
  endfacet
  facet normal 0.000000 0.000000 0.000000
    outer loop
      vertex -0.122459 0.160000 0.295641
      vertex -0.122459 0.480000 0.295641
      vertex -0.226274 0.480000 0.226274
    endloop
  endfacet
  facet normal 0.000000 0.000000 0.000000
    outer loop
      vertex -0.122459 0.160000 0.295641
      vertex -0.226274 0.480000 0.226274
      vertex -0.226274 0.160000 0.226274
    endloop
  endfacet
  facet normal 0.000000 0.000000 0.000000
    outer loop
      vertex -0.226274 0.160000 0.226274
      vertex -0.226274 0.480000 0.226274
      vertex -0.295641 0.480000 0.122459
    endloop
  endfacet
  facet normal 0.000000 0.000000 0.000000
    outer loop
      vertex -0.226274 0.160000 0.226274
      vertex -0.295641 0.480000 0.122459
      vertex -0.295641 0.160000 0.122459
    endloop
  endfacet
  facet normal 0.000000 0.000000 0.000000
    outer loop
      vertex -0.295641 0.160000 0.122459
      vertex -0.295641 0.480000 0.122459
      vertex -0.320000 0.480000 -0.000000
    endloop
  endfacet
  facet normal 0.000000 0.000000 0.000000
    outer loop
      vertex -0.295641 0.160000 0.122459
      vertex -0.320000 0.480000 -0.000000
      vertex -0.320000 0.160000 -0.000000
    endloop
  endfacet
  facet normal 0.000000 0.000000 0.000000
    outer loop
      vertex -0.320000 0.160000 -0.000000
      vertex -0.320000 0.480000 -0.000000
      vertex -0.295641 0.480000 -0.122459
    endloop
  endfacet
  facet normal 0.000000 0.000000 0.000000
    outer loop
      vertex -0.320000 0.160000 -0.000000
      vertex -0.295641 0.480000 -0.122459
      vertex -0.295641 0.160000 -0.122459
    endloop
  endfacet
  facet normal 0.000000 0.000000 0.000000
    outer loop
      vertex -0.295641 0.160000 -0.122459
      vertex -0.295641 0.480000 -0.122459
      vertex -0.226274 0.480000 -0.226274
    endloop
  endfacet
  facet normal 0.000000 0.000000 0.000000
    outer loop
      vertex -0.295641 0.160000 -0.122459
      vertex -0.226274 0.480000 -0.226274
      vertex -0.226274 0.160000 -0.226274
    endloop
  endfacet
  facet normal 0.000000 0.000000 0.000000
    outer loop
      vertex -0.226274 0.160000 -0.226274
      vertex -0.226274 0.480000 -0.226274
      vertex -0.122459 0.480000 -0.295641
    endloop
  endfacet
  facet normal 0.000000 0.000000 0.000000
    outer loop
      vertex -0.226274 0.160000 -0.226274
      vertex -0.122459 0.480000 -0.295641
      vertex -0.122459 0.160000 -0.295641
    endloop
  endfacet
  facet normal 0.000000 0.000000 0.000000
    outer loop
      vertex -0.122459 0.160000 -0.295641
      vertex -0.122459 0.480000 -0.295641
      vertex 0.000000 0.480000 -0.320000
    endloop
  endfacet
  facet normal 0.000000 0.000000 0.000000
    outer loop
      vertex -0.122459 0.160000 -0.295641
      vertex 0.000000 0.480000 -0.320000
      vertex 0.000000 0.160000 -0.320000
    endloop
  endfacet
  facet normal 0.000000 0.000000 0.000000
    outer loop
      vertex 0.000000 0.160000 -0.320000
      vertex 0.000000 0.480000 -0.320000
      vertex 0.122459 0.480000 -0.295641
    endloop
  endfacet
  facet normal 0.000000 0.000000 0.000000
    outer loop
      vertex 0.000000 0.160000 -0.320000
      vertex 0.122459 0.480000 -0.295641
      vertex 0.122459 0.160000 -0.295641
    endloop
  endfacet
  facet normal 0.000000 0.000000 0.000000
    outer loop
      vertex 0.122459 0.160000 -0.295641
      vertex 0.122459 0.480000 -0.295641
      vertex 0.226274 0.480000 -0.226274
    endloop
  endfacet
  facet normal 0.000000 0.000000 0.000000
    outer loop
      vertex 0.122459 0.160000 -0.295641
      vertex 0.226274 0.480000 -0.226274
      vertex 0.226274 0.160000 -0.226274
    endloop
  endfacet
  facet normal 0.000000 0.000000 0.000000
    outer loop
      vertex 0.226274 0.160000 -0.226274
      vertex 0.226274 0.480000 -0.226274
      vertex 0.295641 0.480000 -0.122459
    endloop
  endfacet
  facet normal 0.000000 0.000000 0.000000
    outer loop
      vertex 0.226274 0.160000 -0.226274
      vertex 0.295641 0.480000 -0.122459
      vertex 0.295641 0.160000 -0.122459
    endloop
  endfacet
  facet normal 0.000000 0.000000 0.000000
    outer loop
      vertex 0.295641 0.160000 -0.122459
      vertex 0.295641 0.480000 -0.122459
      vertex 0.320000 0.480000 0.000000
    endloop
  endfacet
  facet normal 0.000000 0.000000 0.000000
    outer loop
      vertex 0.295641 0.160000 -0.122459
      vertex 0.320000 0.480000 0.000000
      vertex 0.320000 0.160000 0.000000
    endloop
  endfacet
  facet normal 0.000000 0.000000 0.000000
    outer loop
      vertex 0.100000 0.160000 0.100000
      vertex 0.160000 0.160000 0.080000
      vertex 0.224092 0.160000 0.080000
    endloop
  endfacet
  facet normal 0.000000 0.000000 0.000000
    outer loop
      vertex 0.100000 0.160000 0.100000
      vertex 0.224092 0.160000 0.080000
      vertex 0.221732 0.160000 0.091844
    endloop
  endfacet
  facet normal 0.000000 0.000000 0.000000
    outer loop
      vertex 0.080000 0.160000 0.160000
      vertex 0.100000 0.160000 0.100000
      vertex 0.091844 0.160000 0.221732
    endloop
  endfacet
  facet normal 0.000000 0.000000 0.000000
    outer loop
      vertex 0.080000 0.160000 0.160000
      vertex 0.091844 0.160000 0.221732
      vertex 0.080000 0.160000 0.224092
    endloop
  endfacet
  facet normal 0.000000 0.000000 0.000000
    outer loop
      vertex -0.100000 0.160000 0.100000
      vertex -0.080000 0.160000 0.160000
      vertex -0.080000 0.160000 0.224092
    endloop
  endfacet
  facet normal 0.000000 0.000000 0.000000
    outer loop
      vertex -0.100000 0.160000 0.100000
      vertex -0.080000 0.160000 0.224092
      vertex -0.091844 0.160000 0.221732
    endloop
  endfacet
  facet normal 0.000000 0.000000 0.000000
    outer loop
      vertex -0.224092 0.160000 0.080000
      vertex -0.160000 0.160000 0.080000
      vertex -0.100000 0.160000 0.100000
    endloop
  endfacet
  facet normal 0.000000 0.000000 0.000000
    outer loop
      vertex -0.224092 0.160000 0.080000
      vertex -0.100000 0.160000 0.100000
      vertex -0.221732 0.160000 0.091844
    endloop
  endfacet
  facet normal 0.000000 0.000000 0.000000
    outer loop
      vertex -0.160000 0.160000 -0.080000
      vertex -0.224092 0.160000 -0.080000
      vertex -0.221732 0.160000 -0.091844
    endloop
  endfacet
  facet normal 0.000000 0.000000 0.000000
    outer loop
      vertex -0.160000 0.160000 -0.080000
      vertex -0.221732 0.160000 -0.091844
      vertex -0.100000 0.160000 -0.100000
    endloop
  endfacet
  facet normal 0.000000 0.000000 0.000000
    outer loop
      vertex -0.091844 0.160000 -0.221732
      vertex -0.080000 0.160000 -0.224092
      vertex -0.080000 0.160000 -0.160000
    endloop
  endfacet
  facet normal 0.000000 0.000000 0.000000
    outer loop
      vertex -0.091844 0.160000 -0.221732
      vertex -0.080000 0.160000 -0.160000
      vertex -0.100000 0.160000 -0.100000
    endloop
  endfacet
  facet normal 0.000000 0.000000 0.000000
    outer loop
      vertex 0.080000 0.160000 -0.224092
      vertex 0.091844 0.160000 -0.221732
      vertex 0.100000 0.160000 -0.100000
    endloop
