solid MYSOLID created by LDView, original data in 40244.dat
  facet normal 0.000000 0.000000 0.000000
    outer loop
      vertex 0.080000 -1.600000 0.080000
      vertex 0.080000 -1.600000 0.384080
      vertex 0.153080 -1.600000 0.369560
    endloop
  endfacet
  facet normal 0.000000 0.000000 0.000000
    outer loop
      vertex 0.080000 -1.600000 0.080000
      vertex 0.153080 -1.600000 0.369560
      vertex 0.282840 -1.600000 0.282840
    endloop
  endfacet
  facet normal 0.000000 0.000000 0.000000
    outer loop
      vertex 0.080000 -1.600000 0.080000
      vertex 0.282840 -1.600000 0.282840
      vertex 0.369560 -1.600000 0.153080
    endloop
  endfacet
  facet normal 0.000000 0.000000 0.000000
    outer loop
      vertex 0.080000 -1.600000 0.080000
      vertex 0.369560 -1.600000 0.153080
      vertex 0.384080 -1.600000 0.080000
    endloop
  endfacet
  facet normal 0.000000 0.000000 0.000000
    outer loop
      vertex 0.153080 -0.640000 0.369560
      vertex 0.080000 -0.640000 0.384080
      vertex 0.080000 -0.640000 0.080000
    endloop
  endfacet
  facet normal 0.000000 0.000000 0.000000
    outer loop
      vertex 0.282840 -0.640000 0.282840
      vertex 0.153080 -0.640000 0.369560
      vertex 0.080000 -0.640000 0.080000
    endloop
  endfacet
  facet normal 0.000000 0.000000 0.000000
    outer loop
      vertex 0.369560 -0.640000 0.153080
      vertex 0.282840 -0.640000 0.282840
      vertex 0.080000 -0.640000 0.080000
    endloop
  endfacet
  facet normal 0.000000 0.000000 0.000000
    outer loop
      vertex 0.384080 -0.640000 0.080000
      vertex 0.369560 -0.640000 0.153080
      vertex 0.080000 -0.640000 0.080000
    endloop
  endfacet
  facet normal 0.000000 0.000000 0.000000
    outer loop
      vertex 0.080000 -1.600000 -0.080000
      vertex 0.384080 -1.600000 -0.080000
      vertex 0.369560 -1.600000 -0.153080
    endloop
  endfacet
  facet normal 0.000000 0.000000 0.000000
    outer loop
      vertex 0.080000 -1.600000 -0.080000
      vertex 0.369560 -1.600000 -0.153080
      vertex 0.282840 -1.600000 -0.282840
    endloop
  endfacet
  facet normal 0.000000 0.000000 0.000000
    outer loop
      vertex 0.080000 -1.600000 -0.080000
      vertex 0.282840 -1.600000 -0.282840
      vertex 0.153080 -1.600000 -0.369560
    endloop
  endfacet
  facet normal 0.000000 0.000000 0.000000
    outer loop
      vertex 0.080000 -1.600000 -0.080000
      vertex 0.153080 -1.600000 -0.369560
      vertex 0.080000 -1.600000 -0.384080
    endloop
  endfacet
  facet normal 0.000000 0.000000 0.000000
    outer loop
      vertex 0.369560 -0.640000 -0.153080
      vertex 0.384080 -0.640000 -0.080000
      vertex 0.080000 -0.640000 -0.080000
    endloop
  endfacet
  facet normal 0.000000 0.000000 0.000000
    outer loop
      vertex 0.282840 -0.640000 -0.282840
      vertex 0.369560 -0.640000 -0.153080
      vertex 0.080000 -0.640000 -0.080000
    endloop
  endfacet
  facet normal 0.000000 0.000000 0.000000
    outer loop
      vertex 0.153080 -0.640000 -0.369560
      vertex 0.282840 -0.640000 -0.282840
      vertex 0.080000 -0.640000 -0.080000
    endloop
  endfacet
  facet normal 0.000000 0.000000 0.000000
    outer loop
      vertex 0.080000 -0.640000 -0.384080
      vertex 0.153080 -0.640000 -0.369560
      vertex 0.080000 -0.640000 -0.080000
    endloop
  endfacet
  facet normal 0.000000 0.000000 0.000000
    outer loop
      vertex -0.080000 -1.600000 -0.080000
      vertex -0.080000 -1.600000 -0.384080
      vertex -0.153080 -1.600000 -0.369560
    endloop
  endfacet
  facet normal 0.000000 0.000000 0.000000
    outer loop
      vertex -0.080000 -1.600000 -0.080000
      vertex -0.153080 -1.600000 -0.369560
      vertex -0.282840 -1.600000 -0.282840
    endloop
  endfacet
  facet normal 0.000000 0.000000 0.000000
    outer loop
      vertex -0.080000 -1.600000 -0.080000
      vertex -0.282840 -1.600000 -0.282840
      vertex -0.369560 -1.600000 -0.153080
    endloop
  endfacet
  facet normal 0.000000 0.000000 0.000000
    outer loop
      vertex -0.080000 -1.600000 -0.080000
      vertex -0.369560 -1.600000 -0.153080
      vertex -0.384080 -1.600000 -0.080000
    endloop
  endfacet
  facet normal 0.000000 0.000000 0.000000
    outer loop
      vertex -0.153080 -0.640000 -0.369560
      vertex -0.080000 -0.640000 -0.384080
      vertex -0.080000 -0.640000 -0.080000
    endloop
  endfacet
  facet normal 0.000000 0.000000 0.000000
    outer loop
      vertex -0.282840 -0.640000 -0.282840
      vertex -0.153080 -0.640000 -0.369560
      vertex -0.080000 -0.640000 -0.080000
    endloop
  endfacet
  facet normal 0.000000 0.000000 0.000000
    outer loop
      vertex -0.369560 -0.640000 -0.153080
      vertex -0.282840 -0.640000 -0.282840
      vertex -0.080000 -0.640000 -0.080000
    endloop
  endfacet
  facet normal 0.000000 0.000000 0.000000
    outer loop
      vertex -0.384080 -0.640000 -0.080000
      vertex -0.369560 -0.640000 -0.153080
      vertex -0.080000 -0.640000 -0.080000
    endloop
  endfacet
  facet normal 0.000000 0.000000 0.000000
    outer loop
      vertex -0.080000 -1.600000 0.080000
      vertex -0.384080 -1.600000 0.080000
      vertex -0.369560 -1.600000 0.153080
    endloop
  endfacet
  facet normal 0.000000 0.000000 0.000000
    outer loop
      vertex -0.080000 -1.600000 0.080000
      vertex -0.369560 -1.600000 0.153080
      vertex -0.282840 -1.600000 0.282840
    endloop
  endfacet
  facet normal 0.000000 0.000000 0.000000
    outer loop
      vertex -0.080000 -1.600000 0.080000
      vertex -0.282840 -1.600000 0.282840
      vertex -0.153080 -1.600000 0.369560
    endloop
  endfacet
  facet normal 0.000000 0.000000 0.000000
    outer loop
      vertex -0.080000 -1.600000 0.080000
      vertex -0.153080 -1.600000 0.369560
      vertex -0.080000 -1.600000 0.384080
    endloop
  endfacet
  facet normal 0.000000 0.000000 0.000000
    outer loop
      vertex -0.369560 -0.640000 0.153080
      vertex -0.384080 -0.640000 0.080000
      vertex -0.080000 -0.640000 0.080000
    endloop
  endfacet
  facet normal 0.000000 0.000000 0.000000
    outer loop
      vertex -0.282840 -0.640000 0.282840
      vertex -0.369560 -0.640000 0.153080
      vertex -0.080000 -0.640000 0.080000
    endloop
  endfacet
  facet normal 0.000000 0.000000 0.000000
    outer loop
      vertex -0.153080 -0.640000 0.369560
      vertex -0.282840 -0.640000 0.282840
      vertex -0.080000 -0.640000 0.080000
    endloop
  endfacet
  facet normal 0.000000 0.000000 0.000000
    outer loop
      vertex -0.080000 -0.640000 0.384080
      vertex -0.153080 -0.640000 0.369560
      vertex -0.080000 -0.640000 0.080000
    endloop
  endfacet
  facet normal 0.000000 0.000000 0.000000
    outer loop
      vertex 0.080000 -0.480000 0.080000
      vertex 0.080000 -0.480000 0.384080
      vertex 0.153080 -0.480000 0.369560
    endloop
  endfacet
  facet normal 0.000000 0.000000 0.000000
    outer loop
      vertex 0.080000 -0.480000 0.080000
      vertex 0.153080 -0.480000 0.369560
      vertex 0.282840 -0.480000 0.282840
    endloop
  endfacet
  facet normal 0.000000 0.000000 0.000000
    outer loop
      vertex 0.080000 -0.480000 0.080000
      vertex 0.282840 -0.480000 0.282840
      vertex 0.369560 -0.480000 0.153080
    endloop
  endfacet
  facet normal 0.000000 0.000000 0.000000
    outer loop
      vertex 0.080000 -0.480000 0.080000
      vertex 0.369560 -0.480000 0.153080
      vertex 0.384080 -0.480000 0.080000
    endloop
  endfacet
  facet normal 0.000000 0.000000 0.000000
    outer loop
      vertex 0.153080 0.480000 0.369560
      vertex 0.080000 0.480000 0.384080
      vertex 0.080000 0.480000 0.080000
    endloop
  endfacet
  facet normal 0.000000 0.000000 0.000000
    outer loop
      vertex 0.282840 0.480000 0.282840
      vertex 0.153080 0.480000 0.369560
      vertex 0.080000 0.480000 0.080000
    endloop
  endfacet
  facet normal 0.000000 0.000000 0.000000
    outer loop
      vertex 0.369560 0.480000 0.153080
      vertex 0.282840 0.480000 0.282840
      vertex 0.080000 0.480000 0.080000
    endloop
  endfacet
  facet normal 0.000000 0.000000 0.000000
    outer loop
      vertex 0.384080 0.480000 0.080000
      vertex 0.369560 0.480000 0.153080
      vertex 0.080000 0.480000 0.080000
    endloop
  endfacet
  facet normal 0.000000 0.000000 0.000000
    outer loop
      vertex 0.080000 -0.480000 -0.080000
      vertex 0.384080 -0.480000 -0.080000
      vertex 0.369560 -0.480000 -0.153080
    endloop
  endfacet
  facet normal 0.000000 0.000000 0.000000
    outer loop
      vertex 0.080000 -0.480000 -0.080000
      vertex 0.369560 -0.480000 -0.153080
      vertex 0.282840 -0.480000 -0.282840
    endloop
  endfacet
  facet normal 0.000000 0.000000 0.000000
    outer loop
      vertex 0.080000 -0.480000 -0.080000
      vertex 0.282840 -0.480000 -0.282840
      vertex 0.153080 -0.480000 -0.369560
    endloop
  endfacet
  facet normal 0.000000 0.000000 0.000000
    outer loop
      vertex 0.080000 -0.480000 -0.080000
      vertex 0.153080 -0.480000 -0.369560
      vertex 0.080000 -0.480000 -0.384080
    endloop
  endfacet
  facet normal 0.000000 0.000000 0.000000
    outer loop
      vertex 0.369560 0.480000 -0.153080
      vertex 0.384080 0.480000 -0.080000
      vertex 0.080000 0.480000 -0.080000
    endloop
  endfacet
  facet normal 0.000000 0.000000 0.000000
    outer loop
      vertex 0.282840 0.480000 -0.282840
      vertex 0.369560 0.480000 -0.153080
      vertex 0.080000 0.480000 -0.080000
    endloop
  endfacet
  facet normal 0.000000 0.000000 0.000000
    outer loop
      vertex 0.153080 0.480000 -0.369560
      vertex 0.282840 0.480000 -0.282840
      vertex 0.080000 0.480000 -0.080000
    endloop
  endfacet
  facet normal 0.000000 0.000000 0.000000
    outer loop
      vertex 0.080000 0.480000 -0.384080
      vertex 0.153080 0.480000 -0.369560
      vertex 0.080000 0.480000 -0.080000
    endloop
  endfacet
  facet normal 0.000000 0.000000 0.000000
    outer loop
      vertex -0.080000 -0.480000 -0.080000
      vertex -0.080000 -0.480000 -0.384080
      vertex -0.153080 -0.480000 -0.369560
    endloop
  endfacet
  facet normal 0.000000 0.000000 0.000000
    outer loop
      vertex -0.080000 -0.480000 -0.080000
      vertex -0.153080 -0.480000 -0.369560
      vertex -0.282840 -0.480000 -0.282840
    endloop
  endfacet
  facet normal 0.000000 0.000000 0.000000
    outer loop
      vertex -0.080000 -0.480000 -0.080000
      vertex -0.282840 -0.480000 -0.282840
      vertex -0.369560 -0.480000 -0.153080
    endloop
  endfacet
  facet normal 0.000000 0.000000 0.000000
    outer loop
      vertex -0.080000 -0.480000 -0.080000
      vertex -0.369560 -0.480000 -0.153080
      vertex -0.384080 -0.480000 -0.080000
    endloop
  endfacet
  facet normal 0.000000 0.000000 0.000000
    outer loop
      vertex -0.153080 0.480000 -0.369560
      vertex -0.080000 0.480000 -0.384080
      vertex -0.080000 0.480000 -0.080000
    endloop
  endfacet
  facet normal 0.000000 0.000000 0.000000
    outer loop
      vertex -0.282840 0.480000 -0.282840
      vertex -0.153080 0.480000 -0.369560
      vertex -0.080000 0.480000 -0.080000
    endloop
  endfacet
  facet normal 0.000000 0.000000 0.000000
    outer loop
      vertex -0.369560 0.480000 -0.153080
      vertex -0.282840 0.480000 -0.282840
      vertex -0.080000 0.480000 -0.080000
    endloop
  endfacet
  facet normal 0.000000 0.000000 0.000000
    outer loop
      vertex -0.384080 0.480000 -0.080000
      vertex -0.369560 0.480000 -0.153080
      vertex -0.080000 0.480000 -0.080000
    endloop
  endfacet
  facet normal 0.000000 0.000000 0.000000
    outer loop
      vertex -0.080000 -0.480000 0.080000
      vertex -0.384080 -0.480000 0.080000
      vertex -0.369560 -0.480000 0.153080
    endloop
  endfacet
  facet normal 0.000000 0.000000 0.000000
    outer loop
      vertex -0.080000 -0.480000 0.080000
      vertex -0.369560 -0.480000 0.153080
      vertex -0.282840 -0.480000 0.282840
    endloop
  endfacet
  facet normal 0.000000 0.000000 0.000000
    outer loop
      vertex -0.080000 -0.480000 0.080000
      vertex -0.282840 -0.480000 0.282840
      vertex -0.153080 -0.480000 0.369560
    endloop
  endfacet
  facet normal 0.000000 0.000000 0.000000
    outer loop
      vertex -0.080000 -0.480000 0.080000
      vertex -0.153080 -0.480000 0.369560
      vertex -0.080000 -0.480000 0.384080
    endloop
  endfacet
  facet normal 0.000000 0.000000 0.000000
    outer loop
      vertex -0.369560 0.480000 0.153080
      vertex -0.384080 0.480000 0.080000
      vertex -0.080000 0.480000 0.080000
    endloop
  endfacet
  facet normal 0.000000 0.000000 0.000000
    outer loop
      vertex -0.282840 0.480000 0.282840
      vertex -0.369560 0.480000 0.153080
      vertex -0.080000 0.480000 0.080000
    endloop
  endfacet
  facet normal 0.000000 0.000000 0.000000
    outer loop
      vertex -0.153080 0.480000 0.369560
      vertex -0.282840 0.480000 0.282840
      vertex -0.080000 0.480000 0.080000
    endloop
  endfacet
  facet normal 0.000000 0.000000 0.000000
    outer loop
      vertex -0.080000 0.480000 0.384080
      vertex -0.153080 0.480000 0.369560
      vertex -0.080000 0.480000 0.080000
    endloop
  endfacet
  facet normal 0.000000 0.000000 0.000000
    outer loop
      vertex 0.080000 0.640000 0.080000
      vertex 0.080000 0.640000 0.384080
      vertex 0.153080 0.640000 0.369560
    endloop
  endfacet
  facet normal 0.000000 0.000000 0.000000
    outer loop
      vertex 0.080000 0.640000 0.080000
      vertex 0.153080 0.640000 0.369560
      vertex 0.282840 0.640000 0.282840
    endloop
  endfacet
  facet normal 0.000000 0.000000 0.000000
    outer loop
      vertex 0.080000 0.640000 0.080000
      vertex 0.282840 0.640000 0.282840
      vertex 0.369560 0.640000 0.153080
    endloop
  endfacet
  facet normal 0.000000 0.000000 0.000000
    outer loop
      vertex 0.080000 0.640000 0.080000
      vertex 0.369560 0.640000 0.153080
      vertex 0.384080 0.640000 0.080000
    endloop
  endfacet
  facet normal 0.000000 0.000000 0.000000
    outer loop
      vertex 0.153080 1.600000 0.369560
      vertex 0.080000 1.600000 0.384080
      vertex 0.080000 1.600000 0.080000
    endloop
  endfacet
  facet normal 0.000000 0.000000 0.000000
    outer loop
      vertex 0.282840 1.600000 0.282840
      vertex 0.153080 1.600000 0.369560
      vertex 0.080000 1.600000 0.080000
    endloop
  endfacet
  facet normal 0.000000 0.000000 0.000000
    outer loop
      vertex 0.369560 1.600000 0.153080
      vertex 0.282840 1.600000 0.282840
      vertex 0.080000 1.600000 0.080000
    endloop
  endfacet
  facet normal 0.000000 0.000000 0.000000
    outer loop
      vertex 0.384080 1.600000 0.080000
      vertex 0.369560 1.600000 0.153080
      vertex 0.080000 1.600000 0.080000
    endloop
  endfacet
  facet normal 0.000000 0.000000 0.000000
    outer loop
      vertex 0.080000 0.640000 -0.080000
      vertex 0.384080 0.640000 -0.080000
      vertex 0.369560 0.640000 -0.153080
    endloop
  endfacet
  facet normal 0.000000 0.000000 0.000000
    outer loop
      vertex 0.080000 0.640000 -0.080000
      vertex 0.369560 0.640000 -0.153080
      vertex 0.282840 0.640000 -0.282840
    endloop
  endfacet
  facet normal 0.000000 0.000000 0.000000
    outer loop
      vertex 0.080000 0.640000 -0.080000
      vertex 0.282840 0.640000 -0.282840
      vertex 0.153080 0.640000 -0.369560
    endloop
  endfacet
  facet normal 0.000000 0.000000 0.000000
    outer loop
      vertex 0.080000 0.640000 -0.080000
      vertex 0.153080 0.640000 -0.369560
      vertex 0.080000 0.640000 -0.384080
    endloop
  endfacet
  facet normal 0.000000 0.000000 0.000000
    outer loop
      vertex 0.369560 1.600000 -0.153080
      vertex 0.384080 1.600000 -0.080000
      vertex 0.080000 1.600000 -0.080000
    endloop
  endfacet
  facet normal 0.000000 0.000000 0.000000
    outer loop
      vertex 0.282840 1.600000 -0.282840
      vertex 0.369560 1.600000 -0.153080
      vertex 0.080000 1.600000 -0.080000
    endloop
  endfacet
  facet normal 0.000000 0.000000 0.000000
    outer loop
      vertex 0.153080 1.600000 -0.369560
      vertex 0.282840 1.600000 -0.282840
      vertex 0.080000 1.600000 -0.080000
    endloop
  endfacet
  facet normal 0.000000 0.000000 0.000000
    outer loop
      vertex 0.080000 1.600000 -0.384080
      vertex 0.153080 1.600000 -0.369560
      vertex 0.080000 1.600000 -0.080000
    endloop
  endfacet
  facet normal 0.000000 0.000000 0.000000
    outer loop
      vertex -0.080000 0.640000 -0.080000
      vertex -0.080000 0.640000 -0.384080
      vertex -0.153080 0.640000 -0.369560
    endloop
  endfacet
  facet normal 0.000000 0.000000 0.000000
    outer loop
      vertex -0.080000 0.640000 -0.080000
      vertex -0.153080 0.640000 -0.369560
      vertex -0.282840 0.640000 -0.282840
    endloop
  endfacet
  facet normal 0.000000 0.000000 0.000000
    outer loop
      vertex -0.080000 0.640000 -0.080000
      vertex -0.282840 0.640000 -0.282840
      vertex -0.369560 0.640000 -0.153080
    endloop
  endfacet
  facet normal 0.000000 0.000000 0.000000
    outer loop
      vertex -0.080000 0.640000 -0.080000
      vertex -0.369560 0.640000 -0.153080
      vertex -0.384080 0.640000 -0.080000
    endloop
  endfacet
  facet normal 0.000000 0.000000 0.000000
    outer loop
      vertex -0.153080 1.600000 -0.369560
      vertex -0.080000 1.600000 -0.384080
      vertex -0.080000 1.600000 -0.080000
    endloop
  endfacet
  facet normal 0.000000 0.000000 0.000000
    outer loop
      vertex -0.282840 1.600000 -0.282840
      vertex -0.153080 1.600000 -0.369560
      vertex -0.080000 1.600000 -0.080000
    endloop
  endfacet
  facet normal 0.000000 0.000000 0.000000
    outer loop
      vertex -0.369560 1.600000 -0.153080
      vertex -0.282840 1.600000 -0.282840
      vertex -0.080000 1.600000 -0.080000
    endloop
  endfacet
  facet normal 0.000000 0.000000 0.000000
    outer loop
      vertex -0.384080 1.600000 -0.080000
      vertex -0.369560 1.600000 -0.153080
      vertex -0.080000 1.600000 -0.080000
    endloop
  endfacet
  facet normal 0.000000 0.000000 0.000000
    outer loop
      vertex -0.080000 0.640000 0.080000
      vertex -0.384080 0.640000 0.080000
      vertex -0.369560 0.640000 0.153080
    endloop
  endfacet
  facet normal 0.000000 0.000000 0.000000
    outer loop
      vertex -0.080000 0.640000 0.080000
      vertex -0.369560 0.640000 0.153080
      vertex -0.282840 0.640000 0.282840
    endloop
  endfacet
  facet normal 0.000000 0.000000 0.000000
    outer loop
      vertex -0.080000 0.640000 0.080000
      vertex -0.282840 0.640000 0.282840
      vertex -0.153080 0.640000 0.369560
    endloop
  endfacet
  facet normal 0.000000 0.000000 0.000000
    outer loop
      vertex -0.080000 0.640000 0.080000
      vertex -0.153080 0.640000 0.369560
      vertex -0.080000 0.640000 0.384080
    endloop
  endfacet
  facet normal 0.000000 0.000000 0.000000
    outer loop
      vertex -0.369560 1.600000 0.153080
      vertex -0.384080 1.600000 0.080000
      vertex -0.080000 1.600000 0.080000
    endloop
  endfacet
  facet normal 0.000000 0.000000 0.000000
    outer loop
      vertex -0.282840 1.600000 0.282840
      vertex -0.369560 1.600000 0.153080
      vertex -0.080000 1.600000 0.080000
    endloop
  endfacet
  facet normal 0.000000 0.000000 0.000000
    outer loop
      vertex -0.153080 1.600000 0.369560
      vertex -0.282840 1.600000 0.282840
      vertex -0.080000 1.600000 0.080000
    endloop
  endfacet
  facet normal 0.000000 0.000000 0.000000
    outer loop
      vertex -0.080000 1.600000 0.384080
      vertex -0.153080 1.600000 0.369560
      vertex -0.080000 1.600000 0.080000
    endloop
  endfacet
  facet normal 0.000000 0.000000 0.000000
    outer loop
      vertex 0.000000 -1.680000 0.000000
      vertex 0.320000 -1.680000 0.000000
      vertex 0.295641 -1.680000 0.122459
    endloop
  endfacet
  facet normal 0.000000 0.000000 0.000000
    outer loop
      vertex 0.000000 -1.680000 0.000000
      vertex 0.295641 -1.680000 0.122459
      vertex 0.226274 -1.680000 0.226274
    endloop
  endfacet
  facet normal 0.000000 0.000000 0.000000
    outer loop
      vertex 0.000000 -1.680000 0.000000
      vertex 0.226274 -1.680000 0.226274
      vertex 0.122459 -1.680000 0.295641
    endloop
  endfacet
  facet normal 0.000000 0.000000 0.000000
    outer loop
      vertex 0.000000 -1.680000 0.000000
      vertex 0.122459 -1.680000 0.295641
      vertex -0.000000 -1.680000 0.320000
    endloop
  endfacet
  facet normal 0.000000 0.000000 0.000000
    outer loop
      vertex 0.000000 -1.680000 0.000000
      vertex -0.000000 -1.680000 0.320000
      vertex -0.122459 -1.680000 0.295641
    endloop
  endfacet
  facet normal 0.000000 0.000000 0.000000
    outer loop
      vertex 0.000000 -1.680000 0.000000
      vertex -0.122459 -1.680000 0.295641
      vertex -0.226274 -1.680000 0.226274
    endloop
  endfacet
  facet normal 0.000000 0.000000 0.000000
    outer loop
      vertex 0.000000 -1.680000 0.000000
      vertex -0.226274 -1.680000 0.226274
      vertex -0.295641 -1.680000 0.122459
    endloop
  endfacet
  facet normal 0.000000 0.000000 0.000000
    outer loop
      vertex 0.000000 -1.680000 0.000000
      vertex -0.295641 -1.680000 0.122459
      vertex -0.320000 -1.680000 -0.000000
    endloop
  endfacet
  facet normal 0.000000 0.000000 0.000000
    outer loop
      vertex 0.000000 -1.680000 0.000000
      vertex -0.320000 -1.680000 -0.000000
      vertex -0.295641 -1.680000 -0.122459
    endloop
  endfacet
  facet normal 0.000000 0.000000 0.000000
    outer loop
      vertex 0.000000 -1.680000 0.000000
      vertex -0.295641 -1.680000 -0.122459
      vertex -0.226274 -1.680000 -0.226274
    endloop
  endfacet
  facet normal 0.000000 0.000000 0.000000
    outer loop
      vertex 0.000000 -1.680000 0.000000
      vertex -0.226274 -1.680000 -0.226274
      vertex -0.122459 -1.680000 -0.295641
    endloop
  endfacet
  facet normal 0.000000 0.000000 0.000000
    outer loop
      vertex 0.000000 -1.680000 0.000000
      vertex -0.122459 -1.680000 -0.295641
      vertex 0.000000 -1.680000 -0.320000
    endloop
  endfacet
  facet normal 0.000000 0.000000 0.000000
    outer loop
      vertex 0.000000 -1.680000 0.000000
      vertex 0.000000 -1.680000 -0.320000
      vertex 0.122459 -1.680000 -0.295641
    endloop
  endfacet
  facet normal 0.000000 0.000000 0.000000
    outer loop
      vertex 0.000000 -1.680000 0.000000
      vertex 0.122459 -1.680000 -0.295641
      vertex 0.226274 -1.680000 -0.226274
    endloop
  endfacet
  facet normal 0.000000 0.000000 0.000000
    outer loop
      vertex 0.000000 -1.680000 0.000000
      vertex 0.226274 -1.680000 -0.226274
      vertex 0.295641 -1.680000 -0.122459
    endloop
  endfacet
  facet normal 0.000000 0.000000 0.000000
    outer loop
      vertex 0.000000 -1.680000 0.000000
      vertex 0.295641 -1.680000 -0.122459
      vertex 0.320000 -1.680000 0.000000
    endloop
  endfacet
  facet normal 0.000000 0.000000 0.000000
    outer loop
      vertex 0.000000 1.680000 0.000000
      vertex -0.320000 1.680000 0.000000
      vertex -0.295641 1.680000 0.122459
    endloop
  endfacet
  facet normal 0.000000 0.000000 0.000000
    outer loop
      vertex 0.000000 1.680000 0.000000
      vertex -0.295641 1.680000 0.122459
      vertex -0.226274 1.680000 0.226274
    endloop
  endfacet
  facet normal 0.000000 0.000000 0.000000
    outer loop
      vertex 0.000000 1.680000 0.000000
      vertex -0.226274 1.680000 0.226274
      vertex -0.122459 1.680000 0.295641
    endloop
  endfacet
  facet normal 0.000000 0.000000 0.000000
    outer loop
      vertex 0.000000 1.680000 0.000000
      vertex -0.122459 1.680000 0.295641
      vertex 0.000000 1.680000 0.320000
    endloop
  endfacet
  facet normal 0.000000 0.000000 0.000000
    outer loop
      vertex 0.000000 1.680000 0.000000
      vertex 0.000000 1.680000 0.320000
      vertex 0.122459 1.680000 0.295641
    endloop
  endfacet
  facet normal 0.000000 0.000000 0.000000
    outer loop
      vertex 0.000000 1.680000 0.000000
      vertex 0.122459 1.680000 0.295641
      vertex 0.226274 1.680000 0.226274
    endloop
  endfacet
  facet normal 0.000000 0.000000 0.000000
    outer loop
      vertex 0.000000 1.680000 0.000000
      vertex 0.226274 1.680000 0.226274
      vertex 0.295641 1.680000 0.122459
    endloop
  endfacet
  facet normal 0.000000 0.000000 0.000000
    outer loop
      vertex 0.000000 1.680000 0.000000
      vertex 0.295641 1.680000 0.122459
      vertex 0.320000 1.680000 -0.000000
    endloop
  endfacet
  facet normal 0.000000 0.000000 0.000000
    outer loop
      vertex 0.000000 1.680000 0.000000
      vertex 0.320000 1.680000 -0.000000
      vertex 0.295641 1.680000 -0.122459
    endloop
  endfacet
  facet normal 0.000000 0.000000 0.000000
    outer loop
      vertex 0.000000 1.680000 0.000000
      vertex 0.295641 1.680000 -0.122459
      vertex 0.226274 1.680000 -0.226274
    endloop
  endfacet
  facet normal 0.000000 0.000000 0.000000
    outer loop
      vertex 0.000000 1.680000 0.000000
      vertex 0.226274 1.680000 -0.226274
      vertex 0.122459 1.680000 -0.295641
    endloop
  endfacet
  facet normal 0.000000 0.000000 0.000000
    outer loop
      vertex 0.000000 1.680000 0.000000
      vertex 0.122459 1.680000 -0.295641
      vertex -0.000000 1.680000 -0.320000
    endloop
  endfacet
  facet normal 0.000000 0.000000 0.000000
    outer loop
      vertex 0.000000 1.680000 0.000000
      vertex -0.000000 1.680000 -0.320000
      vertex -0.122459 1.680000 -0.295641
    endloop
  endfacet
  facet normal 0.000000 0.000000 0.000000
    outer loop
      vertex 0.000000 1.680000 0.000000
      vertex -0.122459 1.680000 -0.295641
      vertex -0.226274 1.680000 -0.226274
    endloop
  endfacet
  facet normal 0.000000 0.000000 0.000000
    outer loop
      vertex 0.000000 1.680000 0.000000
      vertex -0.226274 1.680000 -0.226274
      vertex -0.295641 1.680000 -0.122459
    endloop
  endfacet
  facet normal 0.000000 0.000000 0.000000
    outer loop
      vertex 0.000000 1.680000 0.000000
      vertex -0.295641 1.680000 -0.122459
      vertex -0.320000 1.680000 0.000000
    endloop
  endfacet
  facet normal 0.000000 0.000000 0.000000
    outer loop
      vertex 0.080000 -0.640000 0.080000
      vertex 0.080000 -0.640000 0.384080
      vertex 0.080000 -1.600000 0.384080
    endloop
  endfacet
  facet normal 0.000000 0.000000 0.000000
    outer loop
      vertex 0.080000 -0.640000 0.080000
      vertex 0.080000 -1.600000 0.384080
      vertex 0.080000 -1.600000 0.080000
    endloop
  endfacet
  facet normal 0.000000 0.000000 0.000000
    outer loop
      vertex 0.384080 -1.600000 0.080000
      vertex 0.384080 -0.640000 0.080000
      vertex 0.080000 -0.640000 0.080000
    endloop
  endfacet
  facet normal 0.000000 0.000000 0.000000
    outer loop
      vertex 0.384080 -1.600000 0.080000
      vertex 0.080000 -0.640000 0.080000
      vertex 0.080000 -1.600000 0.080000
    endloop
  endfacet
  facet normal 0.000000 0.000000 0.000000
    outer loop
      vertex 0.080000 -1.600000 0.384080
      vertex 0.080000 -0.640000 0.384080
      vertex 0.000000 -0.640000 0.400000
    endloop
  endfacet
  facet normal 0.000000 0.000000 0.000000
    outer loop
      vertex 0.080000 -1.600000 0.384080
      vertex 0.000000 -0.640000 0.400000
      vertex 0.000000 -1.600000 0.400000
    endloop
  endfacet
  facet normal 0.000000 0.000000 0.000000
    outer loop
      vertex 0.400000 -1.600000 0.000000
      vertex 0.400000 -0.640000 0.000000
      vertex 0.384080 -0.640000 0.080000
    endloop
  endfacet
  facet normal 0.000000 0.000000 0.000000
    outer loop
      vertex 0.400000 -1.600000 0.000000
      vertex 0.384080 -0.640000 0.080000
      vertex 0.384080 -1.600000 0.080000
    endloop
  endfacet
  facet normal 0.000000 0.000000 0.000000
    outer loop
      vertex 0.400000 -1.680000 0.000000
      vertex 0.400000 -1.600000 0.000000
      vertex 0.369552 -1.600000 0.153073
    endloop
  endfacet
  facet normal 0.000000 0.000000 0.000000
    outer loop
      vertex 0.400000 -1.680000 0.000000
      vertex 0.369552 -1.600000 0.153073
      vertex 0.369552 -1.680000 0.153073
    endloop
  endfacet
  facet normal 0.000000 0.000000 0.000000
    outer loop
      vertex 0.369552 -1.680000 0.153073
      vertex 0.369552 -1.600000 0.153073
      vertex 0.282843 -1.600000 0.282843
    endloop
  endfacet
  facet normal 0.000000 0.000000 0.000000
    outer loop
      vertex 0.369552 -1.680000 0.153073
      vertex 0.282843 -1.600000 0.282843
      vertex 0.282843 -1.680000 0.282843
    endloop
  endfacet
  facet normal 0.000000 0.000000 0.000000
    outer loop
      vertex 0.282843 -1.680000 0.282843
      vertex 0.282843 -1.600000 0.282843
      vertex 0.153073 -1.600000 0.369552
    endloop
  endfacet
  facet normal 0.000000 0.000000 0.000000
    outer loop
      vertex 0.282843 -1.680000 0.282843
      vertex 0.153073 -1.600000 0.369552
      vertex 0.153073 -1.680000 0.369552
    endloop
  endfacet
  facet normal 0.000000 0.000000 0.000000
    outer loop
      vertex 0.153073 -1.680000 0.369552
      vertex 0.153073 -1.600000 0.369552
      vertex -0.000000 -1.600000 0.400000
    endloop
  endfacet
  facet normal 0.000000 0.000000 0.000000
    outer loop
      vertex 0.153073 -1.680000 0.369552
      vertex -0.000000 -1.600000 0.400000
      vertex -0.000000 -1.680000 0.400000
    endloop
  endfacet
  facet normal 0.000000 0.000000 0.000000
    outer loop
      vertex 0.400000 -0.640000 0.000000
      vertex 0.400000 -0.560000 0.000000
      vertex 0.369552 -0.560000 0.153073
    endloop
  endfacet
  facet normal 0.000000 0.000000 0.000000
    outer loop
      vertex 0.400000 -0.640000 0.000000
      vertex 0.369552 -0.560000 0.153073
      vertex 0.369552 -0.640000 0.153073
    endloop
  endfacet
  facet normal 0.000000 0.000000 0.000000
    outer loop
      vertex 0.369552 -0.640000 0.153073
      vertex 0.369552 -0.560000 0.153073
      vertex 0.282843 -0.560000 0.282843
    endloop
  endfacet
  facet normal 0.000000 0.000000 0.000000
    outer loop
      vertex 0.369552 -0.640000 0.153073
      vertex 0.282843 -0.560000 0.282843
      vertex 0.282843 -0.640000 0.282843
    endloop
  endfacet
  facet normal 0.000000 0.000000 0.000000
    outer loop
      vertex 0.282843 -0.640000 0.282843
      vertex 0.282843 -0.560000 0.282843
      vertex 0.153073 -0.560000 0.369552
    endloop
  endfacet
  facet normal 0.000000 0.000000 0.000000
    outer loop
      vertex 0.282843 -0.640000 0.282843
      vertex 0.153073 -0.560000 0.369552
      vertex 0.153073 -0.640000 0.369552
    endloop
  endfacet
  facet normal 0.000000 0.000000 0.000000
    outer loop
      vertex 0.153073 -0.640000 0.369552
      vertex 0.153073 -0.560000 0.369552
      vertex -0.000000 -0.560000 0.400000
    endloop
  endfacet
  facet normal 0.000000 0.000000 0.000000
    outer loop
      vertex 0.153073 -0.640000 0.369552
      vertex -0.000000 -0.560000 0.400000
      vertex -0.000000 -0.640000 0.400000
    endloop
  endfacet
  facet normal 0.000000 0.000000 0.000000
    outer loop
      vertex 0.080000 -0.640000 -0.080000
      vertex 0.384080 -0.640000 -0.080000
      vertex 0.384080 -1.600000 -0.080000
    endloop
  endfacet
  facet normal 0.000000 0.000000 0.000000
    outer loop
      vertex 0.080000 -0.640000 -0.080000
      vertex 0.384080 -1.600000 -0.080000
      vertex 0.080000 -1.600000 -0.080000
    endloop
  endfacet
  facet normal 0.000000 0.000000 0.000000
    outer loop
      vertex 0.080000 -1.600000 -0.384080
      vertex 0.080000 -0.640000 -0.384080
      vertex 0.080000 -0.640000 -0.080000
    endloop
  endfacet
  facet normal 0.000000 0.000000 0.000000
    outer loop
      vertex 0.080000 -1.600000 -0.384080
      vertex 0.080000 -0.640000 -0.080000
      vertex 0.080000 -1.600000 -0.080000
    endloop
  endfacet
  facet normal 0.000000 0.000000 0.000000
    outer loop
      vertex 0.384080 -1.600000 -0.080000
      vertex 0.384080 -0.640000 -0.080000
      vertex 0.400000 -0.640000 0.000000
    endloop
  endfacet
  facet normal 0.000000 0.000000 0.000000
    outer loop
      vertex 0.384080 -1.600000 -0.080000
      vertex 0.400000 -0.640000 0.000000
      vertex 0.400000 -1.600000 0.000000
    endloop
  endfacet
  facet normal 0.000000 0.000000 0.000000
    outer loop
      vertex 0.000000 -1.600000 -0.400000
      vertex 0.000000 -0.640000 -0.400000
      vertex 0.080000 -0.640000 -0.384080
    endloop
  endfacet
  facet normal 0.000000 0.000000 0.000000
    outer loop
      vertex 0.000000 -1.600000 -0.400000
      vertex 0.080000 -0.640000 -0.384080
      vertex 0.080000 -1.600000 -0.384080
    endloop
  endfacet
  facet normal 0.000000 0.000000 0.000000
    outer loop
      vertex 0.000000 -1.680000 -0.400000
      vertex 0.000000 -1.600000 -0.400000
      vertex 0.153073 -1.600000 -0.369552
    endloop
  endfacet
  facet normal 0.000000 0.000000 0.000000
    outer loop
      vertex 0.000000 -1.680000 -0.400000
      vertex 0.153073 -1.600000 -0.369552
      vertex 0.153073 -1.680000 -0.369552
    endloop
  endfacet
  facet normal 0.000000 0.000000 0.000000
    outer loop
      vertex 0.153073 -1.680000 -0.369552
      vertex 0.153073 -1.600000 -0.369552
      vertex 0.282843 -1.600000 -0.282843
    endloop
  endfacet
  facet normal 0.000000 0.000000 0.000000
    outer loop
      vertex 0.153073 -1.680000 -0.369552
      vertex 0.282843 -1.600000 -0.282843
      vertex 0.282843 -1.680000 -0.282843
    endloop
  endfacet
  facet normal 0.000000 0.000000 0.000000
    outer loop
      vertex 0.282843 -1.680000 -0.282843
      vertex 0.282843 -1.600000 -0.282843
      vertex 0.369552 -1.600000 -0.153073
    endloop
  endfacet
  facet normal 0.000000 0.000000 0.000000
    outer loop
      vertex 0.282843 -1.680000 -0.282843
      vertex 0.369552 -1.600000 -0.153073
      vertex 0.369552 -1.680000 -0.153073
    endloop
  endfacet
  facet normal 0.000000 0.000000 0.000000
    outer loop
      vertex 0.369552 -1.680000 -0.153073
      vertex 0.369552 -1.600000 -0.153073
      vertex 0.400000 -1.600000 0.000000
    endloop
  endfacet
  facet normal 0.000000 0.000000 0.000000
    outer loop
      vertex 0.369552 -1.680000 -0.153073
      vertex 0.400000 -1.600000 0.000000
      vertex 0.400000 -1.680000 0.000000
    endloop
  endfacet
  facet normal 0.000000 0.000000 0.000000
    outer loop
      vertex 0.000000 -0.640000 -0.400000
      vertex 0.000000 -0.560000 -0.400000
      vertex 0.153073 -0.560000 -0.369552
    endloop
  endfacet
  facet normal 0.000000 0.000000 0.000000
    outer loop
      vertex 0.000000 -0.640000 -0.400000
      vertex 0.153073 -0.560000 -0.369552
      vertex 0.153073 -0.640000 -0.369552
    endloop
  endfacet
  facet normal 0.000000 0.000000 0.000000
    outer loop
      vertex 0.153073 -0.640000 -0.369552
      vertex 0.153073 -0.560000 -0.369552
      vertex 0.282843 -0.560000 -0.282843
    endloop
  endfacet
  facet normal 0.000000 0.000000 0.000000
    outer loop
      vertex 0.153073 -0.640000 -0.369552
      vertex 0.282843 -0.560000 -0.282843
      vertex 0.282843 -0.640000 -0.282843
    endloop
  endfacet
  facet normal 0.000000 0.000000 0.000000
    outer loop
      vertex 0.282843 -0.640000 -0.282843
      vertex 0.282843 -0.560000 -0.282843
      vertex 0.369552 -0.560000 -0.153073
    endloop
  endfacet
  facet normal 0.000000 0.000000 0.000000
    outer loop
      vertex 0.282843 -0.640000 -0.282843
      vertex 0.369552 -0.560000 -0.153073
      vertex 0.369552 -0.640000 -0.153073
    endloop
  endfacet
  facet normal 0.000000 0.000000 0.000000
    outer loop
      vertex 0.369552 -0.640000 -0.153073
      vertex 0.369552 -0.560000 -0.153073
      vertex 0.400000 -0.560000 0.000000
    endloop
  endfacet
  facet normal 0.000000 0.000000 0.000000
    outer loop
      vertex 0.369552 -0.640000 -0.153073
      vertex 0.400000 -0.560000 0.000000
      vertex 0.400000 -0.640000 0.000000
    endloop
  endfacet
  facet normal 0.000000 0.000000 0.000000
    outer loop
      vertex -0.080000 -0.640000 -0.080000
      vertex -0.080000 -0.640000 -0.384080
      vertex -0.080000 -1.600000 -0.384080
    endloop
  endfacet
  facet normal 0.000000 0.000000 0.000000
    outer loop
      vertex -0.080000 -0.640000 -0.080000
      vertex -0.080000 -1.600000 -0.384080
      vertex -0.080000 -1.600000 -0.080000
    endloop
  endfacet
  facet normal 0.000000 0.000000 0.000000
    outer loop
      vertex -0.384080 -1.600000 -0.080000
      vertex -0.384080 -0.640000 -0.080000
      vertex -0.080000 -0.640000 -0.080000
    endloop
  endfacet
  facet normal 0.000000 0.000000 0.000000
    outer loop
      vertex -0.384080 -1.600000 -0.080000
      vertex -0.080000 -0.640000 -0.080000
      vertex -0.080000 -1.600000 -0.080000
    endloop
  endfacet
  facet normal 0.000000 0.000000 0.000000
    outer loop
      vertex -0.080000 -1.600000 -0.384080
      vertex -0.080000 -0.640000 -0.384080
      vertex 0.000000 -0.640000 -0.400000
    endloop
  endfacet
  facet normal 0.000000 0.000000 0.000000
    outer loop
      vertex -0.080000 -1.600000 -0.384080
      vertex 0.000000 -0.640000 -0.400000
      vertex 0.000000 -1.600000 -0.400000
    endloop
  endfacet
  facet normal 0.000000 0.000000 0.000000
    outer loop
      vertex -0.400000 -1.600000 0.000000
      vertex -0.400000 -0.640000 0.000000
      vertex -0.384080 -0.640000 -0.080000
    endloop
  endfacet
  facet normal 0.000000 0.000000 0.000000
    outer loop
      vertex -0.400000 -1.600000 0.000000
      vertex -0.384080 -0.640000 -0.080000
      vertex -0.384080 -1.600000 -0.080000
    endloop
  endfacet
  facet normal 0.000000 0.000000 0.000000
    outer loop
      vertex -0.400000 -1.680000 0.000000
      vertex -0.400000 -1.600000 0.000000
      vertex -0.369552 -1.600000 -0.153073
    endloop
  endfacet
  facet normal 0.000000 0.000000 0.000000
    outer loop
      vertex -0.400000 -1.680000 0.000000
      vertex -0.369552 -1.600000 -0.153073
      vertex -0.369552 -1.680000 -0.153073
    endloop
  endfacet
  facet normal 0.000000 0.000000 0.000000
    outer loop
      vertex -0.369552 -1.680000 -0.153073
      vertex -0.369552 -1.600000 -0.153073
      vertex -0.282843 -1.600000 -0.282843
    endloop
  endfacet
  facet normal 0.000000 0.000000 0.000000
    outer loop
      vertex -0.369552 -1.680000 -0.153073
      vertex -0.282843 -1.600000 -0.282843
      vertex -0.282843 -1.680000 -0.282843
    endloop
  endfacet
  facet normal 0.000000 0.000000 0.000000
    outer loop
      vertex -0.282843 -1.680000 -0.282843
      vertex -0.282843 -1.600000 -0.282843
      vertex -0.153073 -1.600000 -0.369552
    endloop
  endfacet
  facet normal 0.000000 0.000000 0.000000
    outer loop
      vertex -0.282843 -1.680000 -0.282843
      vertex -0.153073 -1.600000 -0.369552
      vertex -0.153073 -1.680000 -0.369552
    endloop
  endfacet
  facet normal 0.000000 0.000000 0.000000
    outer loop
      vertex -0.153073 -1.680000 -0.369552
      vertex -0.153073 -1.600000 -0.369552
      vertex 0.000000 -1.600000 -0.400000
    endloop
  endfacet
  facet normal 0.000000 0.000000 0.000000
    outer loop
      vertex -0.153073 -1.680000 -0.369552
      vertex 0.000000 -1.600000 -0.400000
      vertex 0.000000 -1.680000 -0.400000
    endloop
  endfacet
  facet normal 0.000000 0.000000 0.000000
    outer loop
      vertex -0.400000 -0.640000 0.000000
      vertex -0.400000 -0.560000 0.000000
      vertex -0.369552 -0.560000 -0.153073
    endloop
  endfacet
  facet normal 0.000000 0.000000 0.000000
    outer loop
      vertex -0.400000 -0.640000 0.000000
      vertex -0.369552 -0.560000 -0.153073
      vertex -0.369552 -0.640000 -0.153073
    endloop
  endfacet
  facet normal 0.000000 0.000000 0.000000
    outer loop
      vertex -0.369552 -0.640000 -0.153073
      vertex -0.369552 -0.560000 -0.153073
      vertex -0.282843 -0.560000 -0.282843
    endloop
  endfacet
