solid MYSOLID created by LDView, original data in 45695.dat
  facet normal 0.000000 0.000000 0.000000
    outer loop
      vertex 0.800000 7.680000 0.160000
      vertex 0.560000 7.680000 0.160000
      vertex 0.640000 7.680000 0.320000
    endloop
  endfacet
  facet normal 0.000000 0.000000 0.000000
    outer loop
      vertex 0.560000 7.680000 0.160000
      vertex 0.480000 7.680000 0.120000
      vertex 0.640000 7.680000 0.320000
    endloop
  endfacet
  facet normal 0.000000 0.000000 0.000000
    outer loop
      vertex 0.640000 7.680000 -0.320000
      vertex 0.480000 7.680000 -0.120000
      vertex 0.560000 7.680000 -0.160000
    endloop
  endfacet
  facet normal 0.000000 0.000000 0.000000
    outer loop
      vertex 0.800000 7.680000 -0.160000
      vertex 0.640000 7.680000 -0.320000
      vertex 0.560000 7.680000 -0.160000
    endloop
  endfacet
  facet normal 0.000000 0.000000 0.000000
    outer loop
      vertex 0.160000 7.680000 -0.800000
      vertex 0.160000 7.680000 -0.560000
      vertex 0.320000 7.680000 -0.640000
    endloop
  endfacet
  facet normal 0.000000 0.000000 0.000000
    outer loop
      vertex 0.160000 7.680000 -0.560000
      vertex 0.120000 7.680000 -0.480000
      vertex 0.320000 7.680000 -0.640000
    endloop
  endfacet
  facet normal 0.000000 0.000000 0.000000
    outer loop
      vertex -0.320000 7.680000 -0.640000
      vertex -0.120000 7.680000 -0.480000
      vertex -0.160000 7.680000 -0.560000
    endloop
  endfacet
  facet normal 0.000000 0.000000 0.000000
    outer loop
      vertex -0.160000 7.680000 -0.800000
      vertex -0.320000 7.680000 -0.640000
      vertex -0.160000 7.680000 -0.560000
    endloop
  endfacet
  facet normal 0.000000 0.000000 0.000000
    outer loop
      vertex -0.800000 7.680000 -0.160000
      vertex -0.560000 7.680000 -0.160000
      vertex -0.640000 7.680000 -0.320000
    endloop
  endfacet
  facet normal 0.000000 0.000000 0.000000
    outer loop
      vertex -0.560000 7.680000 -0.160000
      vertex -0.480000 7.680000 -0.120000
      vertex -0.640000 7.680000 -0.320000
    endloop
  endfacet
  facet normal 0.000000 0.000000 0.000000
    outer loop
      vertex -0.640000 7.680000 0.320000
      vertex -0.480000 7.680000 0.120000
      vertex -0.560000 7.680000 0.160000
    endloop
  endfacet
  facet normal 0.000000 0.000000 0.000000
    outer loop
      vertex -0.800000 7.680000 0.160000
      vertex -0.640000 7.680000 0.320000
      vertex -0.560000 7.680000 0.160000
    endloop
  endfacet
  facet normal 0.000000 0.000000 0.000000
    outer loop
      vertex -0.160000 7.680000 0.800000
      vertex -0.160000 7.680000 0.560000
      vertex -0.320000 7.680000 0.640000
    endloop
  endfacet
  facet normal 0.000000 0.000000 0.000000
    outer loop
      vertex -0.160000 7.680000 0.560000
      vertex -0.120000 7.680000 0.480000
      vertex -0.320000 7.680000 0.640000
    endloop
  endfacet
  facet normal 0.000000 0.000000 0.000000
    outer loop
      vertex 0.320000 7.680000 0.640000
      vertex 0.120000 7.680000 0.480000
      vertex 0.160000 7.680000 0.560000
    endloop
  endfacet
  facet normal 0.000000 0.000000 0.000000
    outer loop
      vertex 0.160000 7.680000 0.800000
      vertex 0.320000 7.680000 0.640000
      vertex 0.160000 7.680000 0.560000
    endloop
  endfacet
  facet normal 0.000000 0.000000 0.000000
    outer loop
      vertex 0.221732 6.880000 0.091844
      vertex 0.091844 6.880000 0.221732
      vertex 0.100000 6.880000 0.100000
    endloop
  endfacet
  facet normal 0.000000 0.000000 0.000000
    outer loop
      vertex -0.100000 6.880000 0.100000
      vertex -0.091844 6.880000 0.221732
      vertex -0.221732 6.880000 0.091844
    endloop
  endfacet
  facet normal 0.000000 0.000000 0.000000
    outer loop
      vertex -0.221732 6.880000 -0.091844
      vertex -0.091844 6.880000 -0.221732
      vertex -0.100000 6.880000 -0.100000
    endloop
  endfacet
  facet normal 0.000000 0.000000 0.000000
    outer loop
      vertex 0.091844 6.880000 -0.221732
      vertex 0.221732 6.880000 -0.091844
      vertex 0.100000 6.880000 -0.100000
    endloop
  endfacet
  facet normal 0.000000 0.000000 0.000000
    outer loop
      vertex 0.221731 6.880000 0.091844
      vertex 0.169706 6.880000 0.169706
      vertex 0.091844 6.880000 0.221731
    endloop
  endfacet
  facet normal 0.000000 0.000000 0.000000
    outer loop
      vertex -0.091844 6.880000 0.221731
      vertex -0.169706 6.880000 0.169706
      vertex -0.221731 6.880000 0.091844
    endloop
  endfacet
  facet normal 0.000000 0.000000 0.000000
    outer loop
      vertex -0.221731 6.880000 -0.091844
      vertex -0.169706 6.880000 -0.169706
      vertex -0.091844 6.880000 -0.221731
    endloop
  endfacet
  facet normal 0.000000 0.000000 0.000000
    outer loop
      vertex 0.091844 6.880000 -0.221731
      vertex 0.169706 6.880000 -0.169706
      vertex 0.221731 6.880000 -0.091844
    endloop
  endfacet
  facet normal 0.000000 0.000000 0.000000
    outer loop
      vertex 0.221732 7.440000 -0.091844
      vertex 0.091844 7.440000 -0.221732
      vertex 0.100000 7.440000 -0.100000
    endloop
  endfacet
  facet normal 0.000000 0.000000 0.000000
    outer loop
      vertex -0.100000 7.440000 -0.100000
      vertex -0.091844 7.440000 -0.221732
      vertex -0.221732 7.440000 -0.091844
    endloop
  endfacet
  facet normal 0.000000 0.000000 0.000000
    outer loop
      vertex -0.221732 7.440000 0.091844
      vertex -0.091844 7.440000 0.221732
      vertex -0.100000 7.440000 0.100000
    endloop
  endfacet
  facet normal 0.000000 0.000000 0.000000
    outer loop
      vertex 0.091844 7.440000 0.221732
      vertex 0.221732 7.440000 0.091844
      vertex 0.100000 7.440000 0.100000
    endloop
  endfacet
  facet normal 0.000000 0.000000 0.000000
    outer loop
      vertex 0.221731 7.440000 -0.091844
      vertex 0.169706 7.440000 -0.169706
      vertex 0.091844 7.440000 -0.221731
    endloop
  endfacet
  facet normal 0.000000 0.000000 0.000000
    outer loop
      vertex -0.091844 7.440000 -0.221731
      vertex -0.169706 7.440000 -0.169706
      vertex -0.221731 7.440000 -0.091844
    endloop
  endfacet
  facet normal 0.000000 0.000000 0.000000
    outer loop
      vertex -0.221731 7.440000 0.091844
      vertex -0.169706 7.440000 0.169706
      vertex -0.091844 7.440000 0.221731
    endloop
  endfacet
  facet normal 0.000000 0.000000 0.000000
    outer loop
      vertex 0.091844 7.440000 0.221731
      vertex 0.169706 7.440000 0.169706
      vertex 0.221731 7.440000 0.091844
    endloop
  endfacet
  facet normal 0.000000 0.000000 0.000000
    outer loop
      vertex -0.343432 7.440000 -0.456568
      vertex -0.440000 7.440000 -0.520000
      vertex -0.400000 7.440000 -0.400000
    endloop
  endfacet
  facet normal 0.000000 0.000000 0.000000
    outer loop
      vertex -0.440000 7.440000 -0.520000
      vertex -0.513137 7.440000 -0.513137
      vertex -0.400000 7.440000 -0.400000
    endloop
  endfacet
  facet normal 0.000000 0.000000 0.000000
    outer loop
      vertex -0.513137 7.440000 -0.513137
      vertex -0.520000 7.440000 -0.440000
      vertex -0.400000 7.440000 -0.400000
    endloop
  endfacet
  facet normal 0.000000 0.000000 0.000000
    outer loop
      vertex -0.520000 7.440000 -0.440000
      vertex -0.456568 7.440000 -0.343432
      vertex -0.400000 7.440000 -0.400000
    endloop
  endfacet
  facet normal 0.000000 0.000000 0.000000
    outer loop
      vertex -0.456568 7.440000 -0.343432
      vertex -0.360000 7.440000 -0.280000
      vertex -0.400000 7.440000 -0.400000
    endloop
  endfacet
  facet normal 0.000000 0.000000 0.000000
    outer loop
      vertex -0.360000 7.440000 -0.280000
      vertex -0.286863 7.440000 -0.286863
      vertex -0.400000 7.440000 -0.400000
    endloop
  endfacet
  facet normal 0.000000 0.000000 0.000000
    outer loop
      vertex -0.286863 7.440000 -0.286863
      vertex -0.280000 7.440000 -0.360000
      vertex -0.400000 7.440000 -0.400000
    endloop
  endfacet
  facet normal 0.000000 0.000000 0.000000
    outer loop
      vertex -0.280000 7.440000 -0.360000
      vertex -0.343432 7.440000 -0.456568
      vertex -0.400000 7.440000 -0.400000
    endloop
  endfacet
  facet normal 0.000000 0.000000 0.000000
    outer loop
      vertex 0.456568 7.440000 0.343432
      vertex 0.360000 7.440000 0.280000
      vertex 0.400000 7.440000 0.400000
    endloop
  endfacet
  facet normal 0.000000 0.000000 0.000000
    outer loop
      vertex 0.360000 7.440000 0.280000
      vertex 0.286863 7.440000 0.286863
      vertex 0.400000 7.440000 0.400000
    endloop
  endfacet
  facet normal 0.000000 0.000000 0.000000
    outer loop
      vertex 0.286863 7.440000 0.286863
      vertex 0.280000 7.440000 0.360000
      vertex 0.400000 7.440000 0.400000
    endloop
  endfacet
  facet normal 0.000000 0.000000 0.000000
    outer loop
      vertex 0.280000 7.440000 0.360000
      vertex 0.343432 7.440000 0.456568
      vertex 0.400000 7.440000 0.400000
    endloop
  endfacet
  facet normal 0.000000 0.000000 0.000000
    outer loop
      vertex 0.343432 7.440000 0.456568
      vertex 0.440000 7.440000 0.520000
      vertex 0.400000 7.440000 0.400000
    endloop
  endfacet
  facet normal 0.000000 0.000000 0.000000
    outer loop
      vertex 0.440000 7.440000 0.520000
      vertex 0.513137 7.440000 0.513137
      vertex 0.400000 7.440000 0.400000
    endloop
  endfacet
  facet normal 0.000000 0.000000 0.000000
    outer loop
      vertex 0.513137 7.440000 0.513137
      vertex 0.520000 7.440000 0.440000
      vertex 0.400000 7.440000 0.400000
    endloop
  endfacet
  facet normal 0.000000 0.000000 0.000000
    outer loop
      vertex 0.520000 7.440000 0.440000
      vertex 0.456568 7.440000 0.343432
      vertex 0.400000 7.440000 0.400000
    endloop
  endfacet
  facet normal 0.000000 0.000000 0.000000
    outer loop
      vertex 0.343432 7.440000 -0.456568
      vertex 0.280000 7.440000 -0.360000
      vertex 0.400000 7.440000 -0.400000
    endloop
  endfacet
  facet normal 0.000000 0.000000 0.000000
    outer loop
      vertex 0.280000 7.440000 -0.360000
      vertex 0.286863 7.440000 -0.286863
      vertex 0.400000 7.440000 -0.400000
    endloop
  endfacet
  facet normal 0.000000 0.000000 0.000000
    outer loop
      vertex 0.286863 7.440000 -0.286863
      vertex 0.360000 7.440000 -0.280000
      vertex 0.400000 7.440000 -0.400000
    endloop
  endfacet
  facet normal 0.000000 0.000000 0.000000
    outer loop
      vertex 0.360000 7.440000 -0.280000
      vertex 0.456568 7.440000 -0.343432
      vertex 0.400000 7.440000 -0.400000
    endloop
  endfacet
  facet normal 0.000000 0.000000 0.000000
    outer loop
      vertex 0.456568 7.440000 -0.343432
      vertex 0.520000 7.440000 -0.440000
      vertex 0.400000 7.440000 -0.400000
    endloop
  endfacet
  facet normal 0.000000 0.000000 0.000000
    outer loop
      vertex 0.520000 7.440000 -0.440000
      vertex 0.513137 7.440000 -0.513137
      vertex 0.400000 7.440000 -0.400000
    endloop
  endfacet
  facet normal 0.000000 0.000000 0.000000
    outer loop
      vertex 0.513137 7.440000 -0.513137
      vertex 0.440000 7.440000 -0.520000
      vertex 0.400000 7.440000 -0.400000
    endloop
  endfacet
  facet normal 0.000000 0.000000 0.000000
    outer loop
      vertex 0.440000 7.440000 -0.520000
      vertex 0.343432 7.440000 -0.456568
      vertex 0.400000 7.440000 -0.400000
    endloop
  endfacet
  facet normal 0.000000 0.000000 0.000000
    outer loop
      vertex -0.456568 7.440000 0.343432
      vertex -0.520000 7.440000 0.440000
      vertex -0.400000 7.440000 0.400000
    endloop
  endfacet
  facet normal 0.000000 0.000000 0.000000
    outer loop
      vertex -0.520000 7.440000 0.440000
      vertex -0.513137 7.440000 0.513137
      vertex -0.400000 7.440000 0.400000
    endloop
  endfacet
  facet normal 0.000000 0.000000 0.000000
    outer loop
      vertex -0.513137 7.440000 0.513137
      vertex -0.440000 7.440000 0.520000
      vertex -0.400000 7.440000 0.400000
    endloop
  endfacet
  facet normal 0.000000 0.000000 0.000000
    outer loop
      vertex -0.440000 7.440000 0.520000
      vertex -0.343432 7.440000 0.456568
      vertex -0.400000 7.440000 0.400000
    endloop
  endfacet
  facet normal 0.000000 0.000000 0.000000
    outer loop
      vertex -0.343432 7.440000 0.456568
      vertex -0.280000 7.440000 0.360000
      vertex -0.400000 7.440000 0.400000
    endloop
  endfacet
  facet normal 0.000000 0.000000 0.000000
    outer loop
      vertex -0.280000 7.440000 0.360000
      vertex -0.286863 7.440000 0.286863
      vertex -0.400000 7.440000 0.400000
    endloop
  endfacet
  facet normal 0.000000 0.000000 0.000000
    outer loop
      vertex -0.286863 7.440000 0.286863
      vertex -0.360000 7.440000 0.280000
      vertex -0.400000 7.440000 0.400000
    endloop
  endfacet
  facet normal 0.000000 0.000000 0.000000
    outer loop
      vertex -0.360000 7.440000 0.280000
      vertex -0.456568 7.440000 0.343432
      vertex -0.400000 7.440000 0.400000
    endloop
  endfacet
  facet normal 0.000000 0.000000 0.000000
    outer loop
      vertex 0.000000 -0.640000 0.000000
      vertex 0.160000 -0.640000 0.000000
      vertex 0.147821 -0.640000 0.061229
    endloop
  endfacet
  facet normal 0.000000 0.000000 0.000000
    outer loop
      vertex 0.000000 -0.640000 0.000000
      vertex 0.147821 -0.640000 0.061229
      vertex 0.113137 -0.640000 0.113137
    endloop
  endfacet
  facet normal 0.000000 0.000000 0.000000
    outer loop
      vertex 0.000000 -0.640000 0.000000
      vertex 0.113137 -0.640000 0.113137
      vertex 0.061229 -0.640000 0.147821
    endloop
  endfacet
  facet normal 0.000000 0.000000 0.000000
    outer loop
      vertex 0.000000 -0.640000 0.000000
      vertex 0.061229 -0.640000 0.147821
      vertex -0.000000 -0.640000 0.160000
    endloop
  endfacet
  facet normal 0.000000 0.000000 0.000000
    outer loop
      vertex 0.000000 -0.640000 0.000000
      vertex -0.000000 -0.640000 0.160000
      vertex -0.061229 -0.640000 0.147821
    endloop
  endfacet
  facet normal 0.000000 0.000000 0.000000
    outer loop
      vertex 0.000000 -0.640000 0.000000
      vertex -0.061229 -0.640000 0.147821
      vertex -0.113137 -0.640000 0.113137
    endloop
  endfacet
  facet normal 0.000000 0.000000 0.000000
    outer loop
      vertex 0.000000 -0.640000 0.000000
      vertex -0.113137 -0.640000 0.113137
      vertex -0.147821 -0.640000 0.061229
    endloop
  endfacet
  facet normal 0.000000 0.000000 0.000000
    outer loop
      vertex 0.000000 -0.640000 0.000000
      vertex -0.147821 -0.640000 0.061229
      vertex -0.160000 -0.640000 -0.000000
    endloop
  endfacet
  facet normal 0.000000 0.000000 0.000000
    outer loop
      vertex 0.000000 -0.640000 0.000000
      vertex -0.160000 -0.640000 -0.000000
      vertex -0.147821 -0.640000 -0.061229
    endloop
  endfacet
  facet normal 0.000000 0.000000 0.000000
    outer loop
      vertex 0.000000 -0.640000 0.000000
      vertex -0.147821 -0.640000 -0.061229
      vertex -0.113137 -0.640000 -0.113137
    endloop
  endfacet
  facet normal 0.000000 0.000000 0.000000
    outer loop
      vertex 0.000000 -0.640000 0.000000
      vertex -0.113137 -0.640000 -0.113137
      vertex -0.061229 -0.640000 -0.147821
    endloop
  endfacet
  facet normal 0.000000 0.000000 0.000000
    outer loop
      vertex 0.000000 -0.640000 0.000000
      vertex -0.061229 -0.640000 -0.147821
      vertex 0.000000 -0.640000 -0.160000
    endloop
  endfacet
  facet normal 0.000000 0.000000 0.000000
    outer loop
      vertex 0.000000 -0.640000 0.000000
      vertex 0.000000 -0.640000 -0.160000
      vertex 0.061229 -0.640000 -0.147821
    endloop
  endfacet
  facet normal 0.000000 0.000000 0.000000
    outer loop
      vertex 0.000000 -0.640000 0.000000
      vertex 0.061229 -0.640000 -0.147821
      vertex 0.113137 -0.640000 -0.113137
    endloop
  endfacet
  facet normal 0.000000 0.000000 0.000000
    outer loop
      vertex 0.000000 -0.640000 0.000000
      vertex 0.113137 -0.640000 -0.113137
      vertex 0.147821 -0.640000 -0.061229
    endloop
  endfacet
  facet normal 0.000000 0.000000 0.000000
    outer loop
      vertex 0.000000 -0.640000 0.000000
      vertex 0.147821 -0.640000 -0.061229
      vertex 0.160000 -0.640000 0.000000
    endloop
  endfacet
  facet normal 0.000000 0.000000 0.000000
    outer loop
      vertex 0.800000 0.520000 -0.580000
      vertex 0.800000 0.420000 -0.580000
      vertex 0.800000 0.458268 -0.587612
    endloop
  endfacet
  facet normal 0.000000 0.000000 0.000000
    outer loop
      vertex 0.800000 0.520000 -0.580000
      vertex 0.800000 0.458268 -0.587612
      vertex 0.800000 0.490711 -0.609289
    endloop
  endfacet
  facet normal 0.000000 0.000000 0.000000
    outer loop
      vertex 0.800000 0.520000 -0.580000
      vertex 0.800000 0.490711 -0.609289
      vertex 0.800000 0.512388 -0.641732
    endloop
  endfacet
  facet normal 0.000000 0.000000 0.000000
    outer loop
      vertex 0.800000 0.520000 -0.580000
      vertex 0.800000 0.512388 -0.641732
      vertex 0.800000 0.520000 -0.680000
    endloop
  endfacet
  facet normal 0.000000 0.000000 0.000000
    outer loop
      vertex 0.800000 0.320000 -0.580000
      vertex 0.800000 0.320000 -0.680000
      vertex 0.800000 0.327612 -0.641732
    endloop
  endfacet
  facet normal 0.000000 0.000000 0.000000
    outer loop
      vertex 0.800000 0.320000 -0.580000
      vertex 0.800000 0.327612 -0.641732
      vertex 0.800000 0.349289 -0.609289
    endloop
  endfacet
  facet normal 0.000000 0.000000 0.000000
    outer loop
      vertex 0.800000 0.320000 -0.580000
      vertex 0.800000 0.349289 -0.609289
      vertex 0.800000 0.381732 -0.587612
    endloop
  endfacet
  facet normal 0.000000 0.000000 0.000000
    outer loop
      vertex 0.800000 0.320000 -0.580000
      vertex 0.800000 0.381732 -0.587612
      vertex 0.800000 0.420000 -0.580000
    endloop
  endfacet
  facet normal 0.000000 0.000000 0.000000
    outer loop
      vertex 0.580000 0.320000 -0.800000
      vertex 0.580000 0.420000 -0.800000
      vertex 0.587612 0.381732 -0.800000
    endloop
  endfacet
  facet normal 0.000000 0.000000 0.000000
    outer loop
      vertex 0.580000 0.320000 -0.800000
      vertex 0.587612 0.381732 -0.800000
      vertex 0.609289 0.349289 -0.800000
    endloop
  endfacet
  facet normal 0.000000 0.000000 0.000000
    outer loop
      vertex 0.580000 0.320000 -0.800000
      vertex 0.609289 0.349289 -0.800000
      vertex 0.641732 0.327612 -0.800000
    endloop
  endfacet
  facet normal 0.000000 0.000000 0.000000
    outer loop
      vertex 0.580000 0.320000 -0.800000
      vertex 0.641732 0.327612 -0.800000
      vertex 0.680000 0.320000 -0.800000
    endloop
  endfacet
  facet normal 0.000000 0.000000 0.000000
    outer loop
      vertex 0.580000 0.520000 -0.800000
      vertex 0.680000 0.520000 -0.800000
      vertex 0.641732 0.512388 -0.800000
    endloop
  endfacet
  facet normal 0.000000 0.000000 0.000000
    outer loop
      vertex 0.580000 0.520000 -0.800000
      vertex 0.641732 0.512388 -0.800000
      vertex 0.609289 0.490711 -0.800000
    endloop
  endfacet
  facet normal 0.000000 0.000000 0.000000
    outer loop
      vertex 0.580000 0.520000 -0.800000
      vertex 0.609289 0.490711 -0.800000
      vertex 0.587612 0.458268 -0.800000
    endloop
  endfacet
  facet normal 0.000000 0.000000 0.000000
    outer loop
      vertex 0.580000 0.520000 -0.800000
      vertex 0.587612 0.458268 -0.800000
      vertex 0.580000 0.420000 -0.800000
    endloop
  endfacet
  facet normal 0.000000 0.000000 0.000000
    outer loop
      vertex 0.763045 0.420000 -0.641732
      vertex 0.760000 0.420000 -0.680000
      vertex 0.763045 0.458268 -0.680000
    endloop
  endfacet
  facet normal 0.000000 0.000000 0.000000
    outer loop
      vertex 0.771716 0.420000 -0.609289
      vertex 0.763045 0.420000 -0.641732
      vertex 0.768657 0.463932 -0.636068
    endloop
  endfacet
  facet normal 0.000000 0.000000 0.000000
    outer loop
      vertex 0.768657 0.463932 -0.636068
      vertex 0.763045 0.420000 -0.641732
      vertex 0.763045 0.458268 -0.680000
    endloop
  endfacet
  facet normal 0.000000 0.000000 0.000000
    outer loop
      vertex 0.768657 0.463932 -0.636068
      vertex 0.763045 0.458268 -0.680000
      vertex 0.771716 0.490711 -0.680000
    endloop
  endfacet
  facet normal 0.000000 0.000000 0.000000
    outer loop
      vertex 0.784693 0.420000 -0.587612
      vertex 0.771716 0.420000 -0.609289
      vertex 0.782427 0.463932 -0.601642
    endloop
  endfacet
  facet normal 0.000000 0.000000 0.000000
    outer loop
      vertex 0.782427 0.463932 -0.601642
      vertex 0.771716 0.420000 -0.609289
      vertex 0.768657 0.463932 -0.636068
    endloop
  endfacet
  facet normal 0.000000 0.000000 0.000000
    outer loop
      vertex 0.782427 0.463932 -0.601642
      vertex 0.768657 0.463932 -0.636068
      vertex 0.782427 0.498358 -0.636068
    endloop
  endfacet
  facet normal 0.000000 0.000000 0.000000
    outer loop
      vertex 0.782427 0.498358 -0.636068
      vertex 0.768657 0.463932 -0.636068
      vertex 0.771716 0.490711 -0.680000
    endloop
  endfacet
  facet normal 0.000000 0.000000 0.000000
    outer loop
      vertex 0.782427 0.498358 -0.636068
      vertex 0.771716 0.490711 -0.680000
      vertex 0.784693 0.512388 -0.680000
    endloop
  endfacet
  facet normal 0.000000 0.000000 0.000000
    outer loop
      vertex 0.800000 0.420000 -0.580000
      vertex 0.784693 0.420000 -0.587612
      vertex 0.800000 0.458268 -0.587612
    endloop
  endfacet
  facet normal 0.000000 0.000000 0.000000
    outer loop
      vertex 0.800000 0.458268 -0.587612
      vertex 0.784693 0.420000 -0.587612
      vertex 0.782427 0.463932 -0.601642
    endloop
  endfacet
  facet normal 0.000000 0.000000 0.000000
    outer loop
      vertex 0.800000 0.458268 -0.587612
      vertex 0.782427 0.463932 -0.601642
      vertex 0.800000 0.490711 -0.609289
    endloop
  endfacet
  facet normal 0.000000 0.000000 0.000000
    outer loop
      vertex 0.800000 0.490711 -0.609289
      vertex 0.782427 0.463932 -0.601642
      vertex 0.782427 0.498358 -0.636068
    endloop
  endfacet
  facet normal 0.000000 0.000000 0.000000
    outer loop
      vertex 0.800000 0.490711 -0.609289
      vertex 0.782427 0.498358 -0.636068
      vertex 0.800000 0.512388 -0.641732
    endloop
  endfacet
  facet normal 0.000000 0.000000 0.000000
    outer loop
      vertex 0.800000 0.512388 -0.641732
      vertex 0.782427 0.498358 -0.636068
      vertex 0.784693 0.512388 -0.680000
    endloop
  endfacet
  facet normal 0.000000 0.000000 0.000000
    outer loop
      vertex 0.800000 0.512388 -0.641732
      vertex 0.784693 0.512388 -0.680000
      vertex 0.800000 0.520000 -0.680000
    endloop
  endfacet
  facet normal 0.000000 0.000000 0.000000
    outer loop
      vertex 0.800000 0.320000 -0.680000
      vertex 0.784693 0.327612 -0.680000
      vertex 0.800000 0.327612 -0.641732
    endloop
  endfacet
  facet normal 0.000000 0.000000 0.000000
    outer loop
      vertex 0.784693 0.327612 -0.680000
      vertex 0.782427 0.341642 -0.636068
      vertex 0.800000 0.327612 -0.641732
    endloop
  endfacet
  facet normal 0.000000 0.000000 0.000000
    outer loop
      vertex 0.800000 0.327612 -0.641732
      vertex 0.782427 0.341642 -0.636068
      vertex 0.800000 0.349289 -0.609289
    endloop
  endfacet
  facet normal 0.000000 0.000000 0.000000
    outer loop
      vertex 0.782427 0.341642 -0.636068
      vertex 0.782427 0.376068 -0.601642
      vertex 0.800000 0.349289 -0.609289
    endloop
  endfacet
  facet normal 0.000000 0.000000 0.000000
    outer loop
      vertex 0.800000 0.349289 -0.609289
      vertex 0.782427 0.376068 -0.601642
      vertex 0.800000 0.381732 -0.587612
    endloop
  endfacet
  facet normal 0.000000 0.000000 0.000000
    outer loop
      vertex 0.782427 0.376068 -0.601642
      vertex 0.784693 0.420000 -0.587612
      vertex 0.800000 0.381732 -0.587612
    endloop
  endfacet
  facet normal 0.000000 0.000000 0.000000
    outer loop
      vertex 0.800000 0.381732 -0.587612
      vertex 0.784693 0.420000 -0.587612
      vertex 0.800000 0.420000 -0.580000
    endloop
  endfacet
  facet normal 0.000000 0.000000 0.000000
    outer loop
      vertex 0.784693 0.327612 -0.680000
      vertex 0.771716 0.349289 -0.680000
      vertex 0.782427 0.341642 -0.636068
    endloop
  endfacet
  facet normal 0.000000 0.000000 0.000000
    outer loop
      vertex 0.771716 0.349289 -0.680000
      vertex 0.768657 0.376068 -0.636068
      vertex 0.782427 0.341642 -0.636068
    endloop
  endfacet
  facet normal 0.000000 0.000000 0.000000
    outer loop
      vertex 0.782427 0.341642 -0.636068
      vertex 0.768657 0.376068 -0.636068
      vertex 0.782427 0.376068 -0.601642
    endloop
  endfacet
  facet normal 0.000000 0.000000 0.000000
    outer loop
      vertex 0.768657 0.376068 -0.636068
      vertex 0.771716 0.420000 -0.609289
      vertex 0.782427 0.376068 -0.601642
    endloop
  endfacet
  facet normal 0.000000 0.000000 0.000000
    outer loop
      vertex 0.782427 0.376068 -0.601642
      vertex 0.771716 0.420000 -0.609289
      vertex 0.784693 0.420000 -0.587612
    endloop
  endfacet
  facet normal 0.000000 0.000000 0.000000
    outer loop
      vertex 0.771716 0.349289 -0.680000
      vertex 0.763045 0.381732 -0.680000
      vertex 0.768657 0.376068 -0.636068
    endloop
  endfacet
  facet normal 0.000000 0.000000 0.000000
    outer loop
      vertex 0.763045 0.381732 -0.680000
      vertex 0.763045 0.420000 -0.641732
      vertex 0.768657 0.376068 -0.636068
    endloop
  endfacet
  facet normal 0.000000 0.000000 0.000000
    outer loop
      vertex 0.768657 0.376068 -0.636068
      vertex 0.763045 0.420000 -0.641732
      vertex 0.771716 0.420000 -0.609289
    endloop
  endfacet
  facet normal 0.000000 0.000000 0.000000
    outer loop
      vertex 0.763045 0.381732 -0.680000
      vertex 0.760000 0.420000 -0.680000
      vertex 0.763045 0.420000 -0.641732
    endloop
  endfacet
  facet normal 0.000000 0.000000 0.000000
    outer loop
      vertex 0.641732 0.420000 -0.763045
      vertex 0.680000 0.420000 -0.760000
      vertex 0.680000 0.381732 -0.763045
    endloop
  endfacet
  facet normal 0.000000 0.000000 0.000000
    outer loop
      vertex 0.609289 0.420000 -0.771716
      vertex 0.641732 0.420000 -0.763045
      vertex 0.636068 0.376068 -0.768657
    endloop
  endfacet
  facet normal 0.000000 0.000000 0.000000
    outer loop
      vertex 0.636068 0.376068 -0.768657
      vertex 0.641732 0.420000 -0.763045
      vertex 0.680000 0.381732 -0.763045
    endloop
  endfacet
  facet normal 0.000000 0.000000 0.000000
    outer loop
      vertex 0.636068 0.376068 -0.768657
      vertex 0.680000 0.381732 -0.763045
      vertex 0.680000 0.349289 -0.771716
    endloop
  endfacet
  facet normal 0.000000 0.000000 0.000000
    outer loop
      vertex 0.587612 0.420000 -0.784693
      vertex 0.609289 0.420000 -0.771716
      vertex 0.601642 0.376068 -0.782427
    endloop
  endfacet
  facet normal 0.000000 0.000000 0.000000
    outer loop
      vertex 0.601642 0.376068 -0.782427
      vertex 0.609289 0.420000 -0.771716
      vertex 0.636068 0.376068 -0.768657
    endloop
  endfacet
  facet normal 0.000000 0.000000 0.000000
    outer loop
      vertex 0.601642 0.376068 -0.782427
      vertex 0.636068 0.376068 -0.768657
      vertex 0.636068 0.341642 -0.782427
    endloop
  endfacet
  facet normal 0.000000 0.000000 0.000000
    outer loop
      vertex 0.636068 0.341642 -0.782427
      vertex 0.636068 0.376068 -0.768657
      vertex 0.680000 0.349289 -0.771716
    endloop
  endfacet
  facet normal 0.000000 0.000000 0.000000
    outer loop
      vertex 0.636068 0.341642 -0.782427
      vertex 0.680000 0.349289 -0.771716
      vertex 0.680000 0.327612 -0.784693
    endloop
  endfacet
  facet normal 0.000000 0.000000 0.000000
    outer loop
      vertex 0.580000 0.420000 -0.800000
      vertex 0.587612 0.420000 -0.784693
      vertex 0.587612 0.381732 -0.800000
    endloop
  endfacet
  facet normal 0.000000 0.000000 0.000000
    outer loop
      vertex 0.587612 0.381732 -0.800000
      vertex 0.587612 0.420000 -0.784693
      vertex 0.601642 0.376068 -0.782427
    endloop
  endfacet
  facet normal 0.000000 0.000000 0.000000
    outer loop
      vertex 0.587612 0.381732 -0.800000
      vertex 0.601642 0.376068 -0.782427
      vertex 0.609289 0.349289 -0.800000
    endloop
  endfacet
  facet normal 0.000000 0.000000 0.000000
    outer loop
      vertex 0.609289 0.349289 -0.800000
      vertex 0.601642 0.376068 -0.782427
      vertex 0.636068 0.341642 -0.782427
    endloop
  endfacet
  facet normal 0.000000 0.000000 0.000000
    outer loop
      vertex 0.609289 0.349289 -0.800000
      vertex 0.636068 0.341642 -0.782427
      vertex 0.641732 0.327612 -0.800000
    endloop
  endfacet
  facet normal 0.000000 0.000000 0.000000
    outer loop
      vertex 0.641732 0.327612 -0.800000
      vertex 0.636068 0.341642 -0.782427
      vertex 0.680000 0.327612 -0.784693
    endloop
  endfacet
  facet normal 0.000000 0.000000 0.000000
    outer loop
      vertex 0.641732 0.327612 -0.800000
      vertex 0.680000 0.327612 -0.784693
      vertex 0.680000 0.320000 -0.800000
    endloop
  endfacet
  facet normal 0.000000 0.000000 0.000000
    outer loop
      vertex 0.680000 0.520000 -0.800000
      vertex 0.680000 0.512388 -0.784693
      vertex 0.641732 0.512388 -0.800000
    endloop
  endfacet
  facet normal 0.000000 0.000000 0.000000
    outer loop
      vertex 0.680000 0.512388 -0.784693
      vertex 0.636068 0.498358 -0.782427
      vertex 0.641732 0.512388 -0.800000
    endloop
  endfacet
  facet normal 0.000000 0.000000 0.000000
    outer loop
      vertex 0.641732 0.512388 -0.800000
      vertex 0.636068 0.498358 -0.782427
      vertex 0.609289 0.490711 -0.800000
    endloop
  endfacet
  facet normal 0.000000 0.000000 0.000000
    outer loop
      vertex 0.636068 0.498358 -0.782427
      vertex 0.601642 0.463932 -0.782427
      vertex 0.609289 0.490711 -0.800000
    endloop
  endfacet
  facet normal 0.000000 0.000000 0.000000
    outer loop
      vertex 0.609289 0.490711 -0.800000
      vertex 0.601642 0.463932 -0.782427
      vertex 0.587612 0.458268 -0.800000
    endloop
  endfacet
  facet normal 0.000000 0.000000 0.000000
    outer loop
      vertex 0.601642 0.463932 -0.782427
      vertex 0.587612 0.420000 -0.784693
      vertex 0.587612 0.458268 -0.800000
    endloop
  endfacet
  facet normal 0.000000 0.000000 0.000000
    outer loop
      vertex 0.587612 0.458268 -0.800000
      vertex 0.587612 0.420000 -0.784693
      vertex 0.580000 0.420000 -0.800000
    endloop
  endfacet
  facet normal 0.000000 0.000000 0.000000
    outer loop
      vertex 0.680000 0.512388 -0.784693
      vertex 0.680000 0.490711 -0.771716
      vertex 0.636068 0.498358 -0.782427
    endloop
  endfacet
  facet normal 0.000000 0.000000 0.000000
    outer loop
      vertex 0.680000 0.490711 -0.771716
      vertex 0.636068 0.463932 -0.768657
      vertex 0.636068 0.498358 -0.782427
    endloop
  endfacet
  facet normal 0.000000 0.000000 0.000000
    outer loop
      vertex 0.636068 0.498358 -0.782427
      vertex 0.636068 0.463932 -0.768657
      vertex 0.601642 0.463932 -0.782427
    endloop
  endfacet
  facet normal 0.000000 0.000000 0.000000
    outer loop
      vertex 0.636068 0.463932 -0.768657
      vertex 0.609289 0.420000 -0.771716
      vertex 0.601642 0.463932 -0.782427
    endloop
  endfacet
  facet normal 0.000000 0.000000 0.000000
    outer loop
      vertex 0.601642 0.463932 -0.782427
      vertex 0.609289 0.420000 -0.771716
      vertex 0.587612 0.420000 -0.784693
    endloop
  endfacet
  facet normal 0.000000 0.000000 0.000000
    outer loop
      vertex 0.680000 0.490711 -0.771716
      vertex 0.680000 0.458268 -0.763045
      vertex 0.636068 0.463932 -0.768657
    endloop
  endfacet
  facet normal 0.000000 0.000000 0.000000
    outer loop
      vertex 0.680000 0.458268 -0.763045
      vertex 0.641732 0.420000 -0.763045
      vertex 0.636068 0.463932 -0.768657
    endloop
  endfacet
  facet normal 0.000000 0.000000 0.000000
    outer loop
      vertex 0.636068 0.463932 -0.768657
      vertex 0.641732 0.420000 -0.763045
      vertex 0.609289 0.420000 -0.771716
    endloop
  endfacet
  facet normal 0.000000 0.000000 0.000000
    outer loop
      vertex 0.680000 0.458268 -0.763045
      vertex 0.680000 0.420000 -0.760000
      vertex 0.641732 0.420000 -0.763045
    endloop
  endfacet
  facet normal 0.000000 0.000000 0.000000
    outer loop
      vertex 0.200000 0.520000 -0.800000
      vertex 0.200000 0.420000 -0.800000
      vertex 0.196955 0.458268 -0.800000
    endloop
  endfacet
  facet normal 0.000000 0.000000 0.000000
    outer loop
      vertex 0.200000 0.520000 -0.800000
      vertex 0.196955 0.458268 -0.800000
      vertex 0.188284 0.490711 -0.800000
    endloop
  endfacet
  facet normal 0.000000 0.000000 0.000000
    outer loop
      vertex 0.200000 0.520000 -0.800000
      vertex 0.188284 0.490711 -0.800000
      vertex 0.175307 0.512388 -0.800000
    endloop
  endfacet
  facet normal 0.000000 0.000000 0.000000
    outer loop
      vertex 0.200000 0.520000 -0.800000
      vertex 0.175307 0.512388 -0.800000
      vertex 0.160000 0.520000 -0.800000
    endloop
  endfacet
  facet normal 0.000000 0.000000 0.000000
    outer loop
      vertex 0.200000 0.320000 -0.800000
      vertex 0.160000 0.320000 -0.800000
      vertex 0.175307 0.327612 -0.800000
    endloop
  endfacet
  facet normal 0.000000 0.000000 0.000000
    outer loop
      vertex 0.200000 0.320000 -0.800000
      vertex 0.175307 0.327612 -0.800000
      vertex 0.188284 0.349289 -0.800000
    endloop
  endfacet
  facet normal 0.000000 0.000000 0.000000
    outer loop
      vertex 0.200000 0.320000 -0.800000
      vertex 0.188284 0.349289 -0.800000
      vertex 0.196955 0.381732 -0.800000
    endloop
  endfacet
  facet normal 0.000000 0.000000 0.000000
    outer loop
      vertex 0.200000 0.320000 -0.800000
      vertex 0.196955 0.381732 -0.800000
      vertex 0.200000 0.420000 -0.800000
    endloop
  endfacet
  facet normal 0.000000 0.000000 0.000000
    outer loop
      vertex 0.200000 0.520000 -0.680000
      vertex 0.200000 0.420000 -0.680000
      vertex 0.196955 0.458268 -0.680000
    endloop
  endfacet
  facet normal 0.000000 0.000000 0.000000
    outer loop
      vertex 0.200000 0.520000 -0.680000
      vertex 0.196955 0.458268 -0.680000
      vertex 0.188284 0.490711 -0.680000
    endloop
  endfacet
  facet normal 0.000000 0.000000 0.000000
    outer loop
      vertex 0.200000 0.520000 -0.680000
      vertex 0.188284 0.490711 -0.680000
      vertex 0.175307 0.512388 -0.680000
    endloop
  endfacet
  facet normal 0.000000 0.000000 0.000000
    outer loop
      vertex 0.200000 0.520000 -0.680000
      vertex 0.175307 0.512388 -0.680000
      vertex 0.160000 0.520000 -0.680000
    endloop
  endfacet
  facet normal 0.000000 0.000000 0.000000
    outer loop
      vertex 0.200000 0.320000 -0.680000
      vertex 0.160000 0.320000 -0.680000
      vertex 0.175307 0.327612 -0.680000
    endloop
  endfacet
  facet normal 0.000000 0.000000 0.000000
    outer loop
      vertex 0.200000 0.320000 -0.680000
      vertex 0.175307 0.327612 -0.680000
      vertex 0.188284 0.349289 -0.680000
    endloop
  endfacet
  facet normal 0.000000 0.000000 0.000000
    outer loop
      vertex 0.200000 0.320000 -0.680000
      vertex 0.188284 0.349289 -0.680000
      vertex 0.196955 0.381732 -0.680000
    endloop
  endfacet
  facet normal 0.000000 0.000000 0.000000
    outer loop
      vertex 0.200000 0.320000 -0.680000
      vertex 0.196955 0.381732 -0.680000
      vertex 0.200000 0.420000 -0.680000
    endloop
  endfacet
  facet normal 0.000000 0.000000 0.000000
    outer loop
      vertex 0.800000 0.320000 -0.200000
      vertex 0.800000 0.420000 -0.200000
      vertex 0.800000 0.381732 -0.196955
    endloop
  endfacet
  facet normal 0.000000 0.000000 0.000000
    outer loop
      vertex 0.800000 0.320000 -0.200000
      vertex 0.800000 0.381732 -0.196955
      vertex 0.800000 0.349289 -0.188284
    endloop
  endfacet
  facet normal 0.000000 0.000000 0.000000
    outer loop
      vertex 0.800000 0.320000 -0.200000
      vertex 0.800000 0.349289 -0.188284
      vertex 0.800000 0.327612 -0.175307
    endloop
  endfacet
  facet normal 0.000000 0.000000 0.000000
    outer loop
      vertex 0.800000 0.320000 -0.200000
      vertex 0.800000 0.327612 -0.175307
      vertex 0.800000 0.320000 -0.160000
    endloop
  endfacet
  facet normal 0.000000 0.000000 0.000000
    outer loop
      vertex 0.800000 0.520000 -0.200000
      vertex 0.800000 0.520000 -0.160000
      vertex 0.800000 0.512388 -0.175307
    endloop
  endfacet
  facet normal 0.000000 0.000000 0.000000
    outer loop
      vertex 0.800000 0.520000 -0.200000
      vertex 0.800000 0.512388 -0.175307
      vertex 0.800000 0.490711 -0.188284
    endloop
  endfacet
  facet normal 0.000000 0.000000 0.000000
    outer loop
      vertex 0.800000 0.520000 -0.200000
      vertex 0.800000 0.490711 -0.188284
      vertex 0.800000 0.458268 -0.196955
    endloop
  endfacet
  facet normal 0.000000 0.000000 0.000000
    outer loop
      vertex 0.800000 0.520000 -0.200000
      vertex 0.800000 0.458268 -0.196955
      vertex 0.800000 0.420000 -0.200000
    endloop
  endfacet
  facet normal 0.000000 0.000000 0.000000
    outer loop
      vertex 0.560000 0.420000 -0.160000
      vertex 0.560000 0.320000 -0.160000
      vertex 0.560000 0.327612 -0.175307
    endloop
  endfacet
  facet normal 0.000000 0.000000 0.000000
    outer loop
      vertex 0.560000 0.420000 -0.160000
      vertex 0.560000 0.327612 -0.175307
      vertex 0.560000 0.349289 -0.188284
    endloop
  endfacet
  facet normal 0.000000 0.000000 0.000000
    outer loop
      vertex 0.560000 0.420000 -0.160000
      vertex 0.560000 0.349289 -0.188284
      vertex 0.560000 0.381732 -0.196955
    endloop
  endfacet
  facet normal 0.000000 0.000000 0.000000
    outer loop
      vertex 0.560000 0.420000 -0.160000
      vertex 0.560000 0.381732 -0.196955
      vertex 0.560000 0.420000 -0.200000
    endloop
  endfacet
  facet normal 0.000000 0.000000 0.000000
    outer loop
      vertex 0.560000 0.420000 -0.160000
      vertex 0.560000 0.420000 -0.200000
      vertex 0.560000 0.458268 -0.196955
    endloop
  endfacet
  facet normal 0.000000 0.000000 0.000000
    outer loop
      vertex 0.560000 0.420000 -0.160000
      vertex 0.560000 0.458268 -0.196955
      vertex 0.560000 0.490711 -0.188284
    endloop
  endfacet
  facet normal 0.000000 0.000000 0.000000
    outer loop
      vertex 0.560000 0.420000 -0.160000
      vertex 0.560000 0.490711 -0.188284
      vertex 0.560000 0.512388 -0.175307
    endloop
  endfacet
  facet normal 0.000000 0.000000 0.000000
    outer loop
      vertex 0.560000 0.420000 -0.160000
      vertex 0.560000 0.512388 -0.175307
      vertex 0.560000 0.520000 -0.160000
    endloop
  endfacet
  facet normal 0.000000 0.000000 0.000000
    outer loop
      vertex -0.580000 0.520000 -0.800000
      vertex -0.580000 0.420000 -0.800000
      vertex -0.587612 0.458268 -0.800000
    endloop
  endfacet
  facet normal 0.000000 0.000000 0.000000
    outer loop
      vertex -0.580000 0.520000 -0.800000
      vertex -0.587612 0.458268 -0.800000
      vertex -0.609289 0.490711 -0.800000
    endloop
  endfacet
  facet normal 0.000000 0.000000 0.000000
    outer loop
      vertex -0.580000 0.520000 -0.800000
      vertex -0.609289 0.490711 -0.800000
      vertex -0.641732 0.512388 -0.800000
    endloop
  endfacet
  facet normal 0.000000 0.000000 0.000000
    outer loop
      vertex -0.580000 0.520000 -0.800000
      vertex -0.641732 0.512388 -0.800000
      vertex -0.680000 0.520000 -0.800000
    endloop
  endfacet
  facet normal 0.000000 0.000000 0.000000
    outer loop
      vertex -0.580000 0.320000 -0.800000
