solid MYSOLID created by LDView, original data in 4695.dat
  facet normal 0.000000 0.000000 0.000000
    outer loop
      vertex 0.080000 -0.224080 -0.158960
      vertex 0.240000 -0.655200 0.141440
      vertex 0.000000 -0.240000 -0.149360
    endloop
  endfacet
  facet normal 0.000000 0.000000 0.000000
    outer loop
      vertex -0.240000 0.000000 -0.317400
      vertex -0.224080 -0.080000 -0.261320
      vertex -0.240000 -0.655200 0.141440
    endloop
  endfacet
  facet normal 0.000000 0.000000 0.000000
    outer loop
      vertex 0.224080 -0.080000 -0.261320
      vertex 0.240000 0.000000 -0.317400
      vertex 0.240000 -0.655200 0.141440
    endloop
  endfacet
  facet normal 0.000000 0.000000 0.000000
    outer loop
      vertex -0.080000 0.224080 -0.158960
      vertex -0.240000 0.655200 0.141440
      vertex 0.000000 0.240000 -0.149360
    endloop
  endfacet
  facet normal 0.000000 0.000000 0.000000
    outer loop
      vertex 0.240000 0.000000 -0.317400
      vertex 0.224080 0.080000 -0.261320
      vertex 0.240000 0.655200 0.141440
    endloop
  endfacet
  facet normal 0.000000 0.000000 0.000000
    outer loop
      vertex -0.224080 0.080000 -0.261320
      vertex -0.240000 0.000000 -0.317400
      vertex -0.240000 0.655200 0.141440
    endloop
  endfacet
  facet normal 0.000000 0.000000 0.000000
    outer loop
      vertex 0.240000 0.000000 -0.317400
      vertex 0.240000 0.655200 0.141440
      vertex 0.240000 -0.655200 0.141440
    endloop
  endfacet
  facet normal 0.000000 0.000000 0.000000
    outer loop
      vertex -0.240000 0.000000 -0.317400
      vertex -0.240000 -0.655200 0.141440
      vertex -0.240000 0.655200 0.141440
    endloop
  endfacet
  facet normal 0.000000 0.000000 0.000000
    outer loop
      vertex 0.000000 0.240000 -1.620000
      vertex 0.080000 0.224080 -1.620000
      vertex 0.080000 0.080000 -1.620000
    endloop
  endfacet
  facet normal 0.000000 0.000000 0.000000
    outer loop
      vertex 0.000000 0.240000 -1.620000
      vertex 0.080000 0.080000 -1.620000
      vertex 0.000000 0.000000 -1.620000
    endloop
  endfacet
  facet normal 0.000000 0.000000 0.000000
    outer loop
      vertex 0.000000 -0.240000 -1.620000
      vertex 0.000000 0.000000 -1.620000
      vertex 0.080000 -0.080000 -1.620000
    endloop
  endfacet
  facet normal 0.000000 0.000000 0.000000
    outer loop
      vertex 0.000000 -0.240000 -1.620000
      vertex 0.080000 -0.080000 -1.620000
      vertex 0.080000 -0.224080 -1.620000
    endloop
  endfacet
  facet normal 0.000000 0.000000 0.000000
    outer loop
      vertex 0.000000 0.240000 -1.620000
      vertex 0.000000 0.000000 -1.620000
      vertex -0.080000 0.080000 -1.620000
    endloop
  endfacet
  facet normal 0.000000 0.000000 0.000000
    outer loop
      vertex 0.000000 0.240000 -1.620000
      vertex -0.080000 0.080000 -1.620000
      vertex -0.080000 0.224080 -1.620000
    endloop
  endfacet
  facet normal 0.000000 0.000000 0.000000
    outer loop
      vertex 0.000000 -0.240000 -1.620000
      vertex -0.080000 -0.224080 -1.620000
      vertex -0.080000 -0.080000 -1.620000
    endloop
  endfacet
  facet normal 0.000000 0.000000 0.000000
    outer loop
      vertex 0.000000 -0.240000 -1.620000
      vertex -0.080000 -0.080000 -1.620000
      vertex 0.000000 0.000000 -1.620000
    endloop
  endfacet
  facet normal 0.000000 0.000000 0.000000
    outer loop
      vertex 0.240000 0.000000 -1.620000
      vertex 0.000000 0.000000 -1.620000
      vertex 0.080000 0.080000 -1.620000
    endloop
  endfacet
  facet normal 0.000000 0.000000 0.000000
    outer loop
      vertex 0.240000 0.000000 -1.620000
      vertex 0.080000 0.080000 -1.620000
      vertex 0.224080 0.080000 -1.620000
    endloop
  endfacet
  facet normal 0.000000 0.000000 0.000000
    outer loop
      vertex 0.240000 0.000000 -1.620000
      vertex 0.224080 -0.080000 -1.620000
      vertex 0.080000 -0.080000 -1.620000
    endloop
  endfacet
  facet normal 0.000000 0.000000 0.000000
    outer loop
      vertex 0.240000 0.000000 -1.620000
      vertex 0.080000 -0.080000 -1.620000
      vertex 0.000000 0.000000 -1.620000
    endloop
  endfacet
  facet normal 0.000000 0.000000 0.000000
    outer loop
      vertex -0.240000 0.000000 -1.620000
      vertex -0.224080 0.080000 -1.620000
      vertex -0.080000 0.080000 -1.620000
    endloop
  endfacet
  facet normal 0.000000 0.000000 0.000000
    outer loop
      vertex -0.240000 0.000000 -1.620000
      vertex -0.080000 0.080000 -1.620000
      vertex 0.000000 0.000000 -1.620000
    endloop
  endfacet
  facet normal 0.000000 0.000000 0.000000
    outer loop
      vertex -0.240000 0.000000 -1.620000
      vertex 0.000000 0.000000 -1.620000
      vertex -0.080000 -0.080000 -1.620000
    endloop
  endfacet
  facet normal 0.000000 0.000000 0.000000
    outer loop
      vertex -0.240000 0.000000 -1.620000
      vertex -0.080000 -0.080000 -1.620000
      vertex -0.224080 -0.080000 -1.620000
    endloop
  endfacet
  facet normal 0.000000 0.000000 0.000000
    outer loop
      vertex 0.080000 0.224092 -0.320000
      vertex 0.080000 0.224092 -1.620000
      vertex 0.000000 0.240000 -1.620000
    endloop
  endfacet
  facet normal 0.000000 0.000000 0.000000
    outer loop
      vertex 0.080000 0.224092 -0.320000
      vertex 0.000000 0.240000 -1.620000
      vertex 0.000000 0.240000 -0.320000
    endloop
  endfacet
  facet normal 0.000000 0.000000 0.000000
    outer loop
      vertex 0.224092 0.080000 -0.320000
      vertex 0.240000 0.000000 -0.320000
      vertex 0.240000 0.000000 -1.620000
    endloop
  endfacet
  facet normal 0.000000 0.000000 0.000000
    outer loop
      vertex 0.224092 0.080000 -0.320000
      vertex 0.240000 0.000000 -1.620000
      vertex 0.224092 0.080000 -1.620000
    endloop
  endfacet
  facet normal 0.000000 0.000000 0.000000
    outer loop
      vertex 0.224092 -0.080000 -0.320000
      vertex 0.224092 -0.080000 -1.620000
      vertex 0.240000 0.000000 -1.620000
    endloop
  endfacet
  facet normal 0.000000 0.000000 0.000000
    outer loop
      vertex 0.224092 -0.080000 -0.320000
      vertex 0.240000 0.000000 -1.620000
      vertex 0.240000 0.000000 -0.320000
    endloop
  endfacet
  facet normal 0.000000 0.000000 0.000000
    outer loop
      vertex 0.080000 -0.224092 -0.320000
      vertex 0.000000 -0.240000 -0.320000
      vertex 0.000000 -0.240000 -1.620000
    endloop
  endfacet
  facet normal 0.000000 0.000000 0.000000
    outer loop
      vertex 0.080000 -0.224092 -0.320000
      vertex 0.000000 -0.240000 -1.620000
      vertex 0.080000 -0.224092 -1.620000
    endloop
  endfacet
  facet normal 0.000000 0.000000 0.000000
    outer loop
      vertex -0.080000 -0.224092 -0.320000
      vertex -0.080000 -0.224092 -1.620000
      vertex 0.000000 -0.240000 -1.620000
    endloop
  endfacet
  facet normal 0.000000 0.000000 0.000000
    outer loop
      vertex -0.080000 -0.224092 -0.320000
      vertex 0.000000 -0.240000 -1.620000
      vertex 0.000000 -0.240000 -0.320000
    endloop
  endfacet
  facet normal 0.000000 0.000000 0.000000
    outer loop
      vertex -0.224092 0.080000 -0.320000
      vertex -0.224092 0.080000 -1.620000
      vertex -0.240000 0.000000 -1.620000
    endloop
  endfacet
  facet normal 0.000000 0.000000 0.000000
    outer loop
      vertex -0.224092 0.080000 -0.320000
      vertex -0.240000 0.000000 -1.620000
      vertex -0.240000 0.000000 -0.320000
    endloop
  endfacet
  facet normal 0.000000 0.000000 0.000000
    outer loop
      vertex -0.224092 -0.080000 -0.320000
      vertex -0.240000 0.000000 -0.320000
      vertex -0.240000 0.000000 -1.620000
    endloop
  endfacet
  facet normal 0.000000 0.000000 0.000000
    outer loop
      vertex -0.224092 -0.080000 -0.320000
      vertex -0.240000 0.000000 -1.620000
      vertex -0.224092 -0.080000 -1.620000
    endloop
  endfacet
  facet normal 0.000000 0.000000 0.000000
    outer loop
      vertex -0.080000 0.224092 -0.320000
      vertex 0.000000 0.240000 -0.320000
      vertex 0.000000 0.240000 -1.620000
    endloop
  endfacet
  facet normal 0.000000 0.000000 0.000000
    outer loop
      vertex -0.080000 0.224092 -0.320000
      vertex 0.000000 0.240000 -1.620000
      vertex -0.080000 0.224092 -1.620000
    endloop
  endfacet
  facet normal 0.000000 0.000000 0.000000
    outer loop
      vertex 0.080000 0.080000 -1.620000
      vertex 0.080000 0.080000 -0.320000
      vertex 0.224092 0.080000 -0.320000
    endloop
  endfacet
  facet normal 0.000000 0.000000 0.000000
    outer loop
      vertex 0.080000 0.080000 -1.620000
      vertex 0.224092 0.080000 -0.320000
      vertex 0.224092 0.080000 -1.620000
    endloop
  endfacet
  facet normal 0.000000 0.000000 0.000000
    outer loop
      vertex 0.080000 0.224092 -0.320000
      vertex 0.080000 0.080000 -0.320000
      vertex 0.080000 0.080000 -1.620000
    endloop
  endfacet
  facet normal 0.000000 0.000000 0.000000
    outer loop
      vertex 0.080000 0.224092 -0.320000
      vertex 0.080000 0.080000 -1.620000
      vertex 0.080000 0.224092 -1.620000
    endloop
  endfacet
  facet normal 0.000000 0.000000 0.000000
    outer loop
      vertex 0.080000 -0.224092 -1.620000
      vertex 0.080000 -0.080000 -1.620000
      vertex 0.080000 -0.080000 -0.320000
    endloop
  endfacet
  facet normal 0.000000 0.000000 0.000000
    outer loop
      vertex 0.080000 -0.224092 -1.620000
      vertex 0.080000 -0.080000 -0.320000
      vertex 0.080000 -0.224092 -0.320000
    endloop
  endfacet
  facet normal 0.000000 0.000000 0.000000
    outer loop
      vertex 0.224092 -0.080000 -1.620000
      vertex 0.224092 -0.080000 -0.320000
      vertex 0.080000 -0.080000 -0.320000
    endloop
  endfacet
  facet normal 0.000000 0.000000 0.000000
    outer loop
      vertex 0.224092 -0.080000 -1.620000
      vertex 0.080000 -0.080000 -0.320000
      vertex 0.080000 -0.080000 -1.620000
    endloop
  endfacet
  facet normal 0.000000 0.000000 0.000000
    outer loop
      vertex -0.080000 -0.080000 -1.620000
      vertex -0.080000 -0.080000 -0.320000
      vertex -0.224092 -0.080000 -0.320000
    endloop
  endfacet
  facet normal 0.000000 0.000000 0.000000
    outer loop
      vertex -0.080000 -0.080000 -1.620000
      vertex -0.224092 -0.080000 -0.320000
      vertex -0.224092 -0.080000 -1.620000
    endloop
  endfacet
  facet normal 0.000000 0.000000 0.000000
    outer loop
      vertex -0.080000 -0.224092 -0.320000
      vertex -0.080000 -0.080000 -0.320000
      vertex -0.080000 -0.080000 -1.620000
    endloop
  endfacet
  facet normal 0.000000 0.000000 0.000000
    outer loop
      vertex -0.080000 -0.224092 -0.320000
      vertex -0.080000 -0.080000 -1.620000
      vertex -0.080000 -0.224092 -1.620000
    endloop
  endfacet
  facet normal 0.000000 0.000000 0.000000
    outer loop
      vertex -0.080000 0.224092 -1.620000
      vertex -0.080000 0.080000 -1.620000
      vertex -0.080000 0.080000 -0.320000
    endloop
  endfacet
  facet normal 0.000000 0.000000 0.000000
    outer loop
      vertex -0.080000 0.224092 -1.620000
      vertex -0.080000 0.080000 -0.320000
      vertex -0.080000 0.224092 -0.320000
    endloop
  endfacet
  facet normal 0.000000 0.000000 0.000000
    outer loop
      vertex -0.224092 0.080000 -1.620000
      vertex -0.224092 0.080000 -0.320000
      vertex -0.080000 0.080000 -0.320000
    endloop
  endfacet
  facet normal 0.000000 0.000000 0.000000
    outer loop
      vertex -0.224092 0.080000 -1.620000
      vertex -0.080000 0.080000 -0.320000
      vertex -0.080000 0.080000 -1.620000
    endloop
  endfacet
  facet normal 0.000000 0.000000 0.000000
    outer loop
      vertex 0.080000 -0.080000 -0.261320
      vertex 0.224080 -0.080000 -0.261320
      vertex 0.240000 -0.655200 0.141440
    endloop
  endfacet
  facet normal 0.000000 0.000000 0.000000
    outer loop
      vertex 0.080000 -0.080000 -0.261320
      vertex 0.240000 -0.655200 0.141440
      vertex 0.080000 -0.224080 -0.158960
    endloop
  endfacet
  facet normal 0.000000 0.000000 0.000000
    outer loop
      vertex 0.224080 -0.080000 -0.320000
      vertex 0.224080 -0.080000 -0.261320
      vertex 0.080000 -0.080000 -0.261320
    endloop
  endfacet
  facet normal 0.000000 0.000000 0.000000
    outer loop
      vertex 0.224080 -0.080000 -0.320000
      vertex 0.080000 -0.080000 -0.261320
      vertex 0.080000 -0.080000 -0.320000
    endloop
  endfacet
  facet normal 0.000000 0.000000 0.000000
    outer loop
      vertex 0.240000 0.000000 -0.320000
      vertex 0.240000 0.000000 -0.317400
      vertex 0.224080 -0.080000 -0.261320
    endloop
  endfacet
  facet normal 0.000000 0.000000 0.000000
    outer loop
      vertex 0.240000 0.000000 -0.320000
      vertex 0.224080 -0.080000 -0.261320
      vertex 0.224080 -0.080000 -0.320000
    endloop
  endfacet
  facet normal 0.000000 0.000000 0.000000
    outer loop
      vertex 0.224080 0.080000 -0.320000
      vertex 0.224080 0.080000 -0.261320
      vertex 0.240000 0.000000 -0.317400
    endloop
  endfacet
  facet normal 0.000000 0.000000 0.000000
    outer loop
      vertex 0.224080 0.080000 -0.320000
      vertex 0.240000 0.000000 -0.317400
      vertex 0.240000 0.000000 -0.320000
    endloop
  endfacet
  facet normal 0.000000 0.000000 0.000000
    outer loop
      vertex -0.224080 -0.080000 -0.320000
      vertex -0.224080 -0.080000 -0.261320
      vertex -0.240000 0.000000 -0.317400
    endloop
  endfacet
  facet normal 0.000000 0.000000 0.000000
    outer loop
      vertex -0.224080 -0.080000 -0.320000
      vertex -0.240000 0.000000 -0.317400
      vertex -0.240000 0.000000 -0.320000
    endloop
  endfacet
  facet normal 0.000000 0.000000 0.000000
    outer loop
      vertex -0.240000 0.000000 -0.320000
      vertex -0.240000 0.000000 -0.317400
      vertex -0.224080 0.080000 -0.261320
    endloop
  endfacet
  facet normal 0.000000 0.000000 0.000000
    outer loop
      vertex -0.240000 0.000000 -0.320000
      vertex -0.224080 0.080000 -0.261320
      vertex -0.224080 0.080000 -0.320000
    endloop
  endfacet
  facet normal 0.000000 0.000000 0.000000
    outer loop
      vertex 0.080000 -0.224080 -0.158960
      vertex 0.080000 -0.224080 -0.320000
      vertex 0.080000 -0.080000 -0.320000
    endloop
  endfacet
  facet normal 0.000000 0.000000 0.000000
    outer loop
      vertex 0.080000 -0.224080 -0.158960
      vertex 0.080000 -0.080000 -0.320000
      vertex 0.080000 -0.080000 -0.261320
    endloop
  endfacet
  facet normal 0.000000 0.000000 0.000000
    outer loop
      vertex 0.000000 -0.240000 -0.149360
      vertex 0.000000 -0.240000 -0.320000
      vertex 0.080000 -0.224080 -0.320000
    endloop
  endfacet
  facet normal 0.000000 0.000000 0.000000
    outer loop
      vertex 0.000000 -0.240000 -0.149360
      vertex 0.080000 -0.224080 -0.320000
      vertex 0.080000 -0.224080 -0.158960
    endloop
  endfacet
  facet normal 0.000000 0.000000 0.000000
    outer loop
      vertex -0.080000 -0.080000 -0.320000
      vertex -0.080000 -0.080000 -0.261320
      vertex -0.224080 -0.080000 -0.261320
    endloop
  endfacet
  facet normal 0.000000 0.000000 0.000000
    outer loop
      vertex -0.080000 -0.080000 -0.320000
      vertex -0.224080 -0.080000 -0.261320
      vertex -0.224080 -0.080000 -0.320000
    endloop
  endfacet
  facet normal 0.000000 0.000000 0.000000
    outer loop
      vertex -0.080000 -0.080000 -0.261320
      vertex -0.080000 -0.080000 -0.320000
      vertex -0.080000 -0.224080 -0.320000
    endloop
  endfacet
  facet normal 0.000000 0.000000 0.000000
    outer loop
      vertex -0.080000 -0.080000 -0.261320
      vertex -0.080000 -0.224080 -0.320000
      vertex -0.080000 -0.224080 -0.158960
    endloop
  endfacet
  facet normal 0.000000 0.000000 0.000000
    outer loop
      vertex -0.080000 -0.224080 -0.158960
      vertex -0.080000 -0.224080 -0.320000
      vertex 0.000000 -0.240000 -0.320000
    endloop
  endfacet
  facet normal 0.000000 0.000000 0.000000
    outer loop
      vertex -0.080000 -0.224080 -0.158960
      vertex 0.000000 -0.240000 -0.320000
      vertex 0.000000 -0.240000 -0.149360
    endloop
  endfacet
  facet normal 0.000000 0.000000 0.000000
    outer loop
      vertex 0.080000 0.080000 -0.320000
      vertex 0.080000 0.080000 -0.261320
      vertex 0.224080 0.080000 -0.261320
    endloop
  endfacet
  facet normal 0.000000 0.000000 0.000000
    outer loop
      vertex 0.080000 0.080000 -0.320000
      vertex 0.224080 0.080000 -0.261320
      vertex 0.224080 0.080000 -0.320000
    endloop
  endfacet
  facet normal 0.000000 0.000000 0.000000
    outer loop
      vertex 0.080000 0.080000 -0.261320
      vertex 0.080000 0.080000 -0.320000
      vertex 0.080000 0.224080 -0.320000
    endloop
  endfacet
  facet normal 0.000000 0.000000 0.000000
    outer loop
      vertex 0.080000 0.080000 -0.261320
      vertex 0.080000 0.224080 -0.320000
      vertex 0.080000 0.226680 -0.158960
    endloop
  endfacet
  facet normal 0.000000 0.000000 0.000000
    outer loop
      vertex 0.080000 0.226680 -0.158960
      vertex 0.080000 0.224080 -0.320000
      vertex 0.000000 0.240000 -0.320000
    endloop
  endfacet
  facet normal 0.000000 0.000000 0.000000
    outer loop
      vertex 0.080000 0.226680 -0.158960
      vertex 0.000000 0.240000 -0.320000
      vertex 0.000000 0.240000 -0.149360
    endloop
  endfacet
  facet normal 0.000000 0.000000 0.000000
    outer loop
      vertex -0.224080 0.080000 -0.320000
      vertex -0.224080 0.080000 -0.261320
      vertex -0.080000 0.080000 -0.261320
    endloop
  endfacet
  facet normal 0.000000 0.000000 0.000000
    outer loop
      vertex -0.224080 0.080000 -0.320000
      vertex -0.080000 0.080000 -0.261320
      vertex -0.080000 0.080000 -0.320000
    endloop
  endfacet
  facet normal 0.000000 0.000000 0.000000
    outer loop
      vertex -0.080000 0.226680 -0.158960
      vertex -0.080000 0.224080 -0.320000
      vertex -0.080000 0.080000 -0.320000
    endloop
  endfacet
  facet normal 0.000000 0.000000 0.000000
    outer loop
      vertex -0.080000 0.226680 -0.158960
      vertex -0.080000 0.080000 -0.320000
      vertex -0.080000 0.080000 -0.261320
    endloop
  endfacet
  facet normal 0.000000 0.000000 0.000000
    outer loop
      vertex 0.000000 0.240000 -0.149360
      vertex 0.000000 0.240000 -0.320000
      vertex -0.080000 0.224080 -0.320000
    endloop
  endfacet
  facet normal 0.000000 0.000000 0.000000
    outer loop
      vertex 0.000000 0.240000 -0.149360
      vertex -0.080000 0.224080 -0.320000
      vertex -0.080000 0.226680 -0.158960
    endloop
  endfacet
  facet normal 0.000000 0.000000 0.000000
    outer loop
      vertex 0.000000 -0.240000 -0.149360
      vertex 0.240000 -0.655200 0.141440
      vertex -0.240000 -0.655200 0.141440
    endloop
  endfacet
  facet normal 0.000000 0.000000 0.000000
    outer loop
      vertex 0.000000 -0.240000 -0.149360
      vertex -0.240000 -0.655200 0.141440
      vertex -0.080000 -0.224080 -0.158960
    endloop
  endfacet
  facet normal 0.000000 0.000000 0.000000
    outer loop
      vertex -0.240000 -0.655200 0.141440
      vertex -0.224080 -0.080000 -0.261320
      vertex -0.080000 -0.080000 -0.261320
    endloop
  endfacet
  facet normal 0.000000 0.000000 0.000000
    outer loop
      vertex -0.240000 -0.655200 0.141440
      vertex -0.080000 -0.080000 -0.261320
      vertex -0.080000 -0.224080 -0.158960
    endloop
  endfacet
  facet normal 0.000000 0.000000 0.000000
    outer loop
      vertex -0.080000 0.080000 -0.261320
      vertex -0.224080 0.080000 -0.261320
      vertex -0.240000 0.655200 0.141440
    endloop
  endfacet
  facet normal 0.000000 0.000000 0.000000
    outer loop
      vertex -0.080000 0.080000 -0.261320
      vertex -0.240000 0.655200 0.141440
      vertex -0.080000 0.224080 -0.158960
    endloop
  endfacet
  facet normal 0.000000 0.000000 0.000000
    outer loop
      vertex 0.000000 0.240000 -0.149360
      vertex -0.240000 0.655200 0.141440
      vertex 0.240000 0.655200 0.141440
    endloop
  endfacet
  facet normal 0.000000 0.000000 0.000000
    outer loop
      vertex 0.000000 0.240000 -0.149360
      vertex 0.240000 0.655200 0.141440
      vertex 0.080000 0.224080 -0.158960
    endloop
  endfacet
  facet normal 0.000000 0.000000 0.000000
    outer loop
      vertex 0.240000 0.655200 0.141440
      vertex 0.224080 0.080000 -0.261320
      vertex 0.080000 0.080000 -0.261320
    endloop
  endfacet
  facet normal 0.000000 0.000000 0.000000
    outer loop
      vertex 0.240000 0.655200 0.141440
      vertex 0.080000 0.080000 -0.261320
      vertex 0.080000 0.224080 -0.158960
    endloop
  endfacet
  facet normal 0.000000 0.000000 0.000000
    outer loop
      vertex -0.240000 -0.655200 0.141440
      vertex 0.240000 -0.655200 0.141440
      vertex 0.240000 0.655200 0.141440
    endloop
  endfacet
  facet normal 0.000000 0.000000 0.000000
    outer loop
      vertex -0.240000 -0.655200 0.141440
      vertex 0.240000 0.655200 0.141440
      vertex -0.240000 0.655200 0.141440
    endloop
  endfacet
endsolid MYSOLID
