solid MYSOLID created by LDView, original data in 4727.dat
  facet normal 0.000000 0.000000 0.000000
    outer loop
      vertex 0.400000 0.320000 0.640000
      vertex 0.320000 0.320000 0.800000
      vertex 0.720000 0.320000 0.800000
    endloop
  endfacet
  facet normal 0.000000 0.000000 0.000000
    outer loop
      vertex -0.400000 0.320000 0.640000
      vertex -0.720000 0.320000 0.800000
      vertex -0.320000 0.320000 0.800000
    endloop
  endfacet
  facet normal 0.000000 0.000000 0.000000
    outer loop
      vertex 0.400000 0.320000 -0.640000
      vertex 0.720000 0.320000 -0.800000
      vertex 0.320000 0.320000 -0.800000
    endloop
  endfacet
  facet normal 0.000000 0.000000 0.000000
    outer loop
      vertex -0.400000 0.320000 -0.640000
      vertex -0.320000 0.320000 -0.800000
      vertex -0.720000 0.320000 -0.800000
    endloop
  endfacet
  facet normal 0.000000 0.000000 0.000000
    outer loop
      vertex 0.640000 0.320000 0.400000
      vertex 0.800000 0.320000 0.720000
      vertex 0.800000 0.320000 0.320000
    endloop
  endfacet
  facet normal 0.000000 0.000000 0.000000
    outer loop
      vertex -0.640000 0.320000 0.400000
      vertex -0.800000 0.320000 0.320000
      vertex -0.800000 0.320000 0.720000
    endloop
  endfacet
  facet normal 0.000000 0.000000 0.000000
    outer loop
      vertex 0.640000 0.320000 -0.400000
      vertex 0.800000 0.320000 -0.320000
      vertex 0.800000 0.320000 -0.720000
    endloop
  endfacet
  facet normal 0.000000 0.000000 0.000000
    outer loop
      vertex -0.640000 0.320000 -0.400000
      vertex -0.800000 0.320000 -0.720000
      vertex -0.800000 0.320000 -0.320000
    endloop
  endfacet
  facet normal 0.000000 0.000000 0.000000
    outer loop
      vertex 0.720000 0.000000 0.720000
      vertex 0.800000 0.000000 0.720000
      vertex 0.793910 0.000000 0.750615
    endloop
  endfacet
  facet normal 0.000000 0.000000 0.000000
    outer loop
      vertex 0.720000 0.000000 0.720000
      vertex 0.793910 0.000000 0.750615
      vertex 0.776569 0.000000 0.776569
    endloop
  endfacet
  facet normal 0.000000 0.000000 0.000000
    outer loop
      vertex 0.720000 0.000000 0.720000
      vertex 0.776569 0.000000 0.776569
      vertex 0.750615 0.000000 0.793910
    endloop
  endfacet
  facet normal 0.000000 0.000000 0.000000
    outer loop
      vertex 0.720000 0.000000 0.720000
      vertex 0.750615 0.000000 0.793910
      vertex 0.720000 0.000000 0.800000
    endloop
  endfacet
  facet normal 0.000000 0.000000 0.000000
    outer loop
      vertex -0.720000 0.000000 0.800000
      vertex -0.750615 0.000000 0.793910
      vertex -0.720000 0.000000 0.720000
    endloop
  endfacet
  facet normal 0.000000 0.000000 0.000000
    outer loop
      vertex -0.750615 0.000000 0.793910
      vertex -0.776569 0.000000 0.776569
      vertex -0.720000 0.000000 0.720000
    endloop
  endfacet
  facet normal 0.000000 0.000000 0.000000
    outer loop
      vertex -0.776569 0.000000 0.776569
      vertex -0.793910 0.000000 0.750615
      vertex -0.720000 0.000000 0.720000
    endloop
  endfacet
  facet normal 0.000000 0.000000 0.000000
    outer loop
      vertex -0.793910 0.000000 0.750615
      vertex -0.800000 0.000000 0.720000
      vertex -0.720000 0.000000 0.720000
    endloop
  endfacet
  facet normal 0.000000 0.000000 0.000000
    outer loop
      vertex 0.720000 0.000000 -0.800000
      vertex 0.750615 0.000000 -0.793910
      vertex 0.720000 0.000000 -0.720000
    endloop
  endfacet
  facet normal 0.000000 0.000000 0.000000
    outer loop
      vertex 0.750615 0.000000 -0.793910
      vertex 0.776569 0.000000 -0.776569
      vertex 0.720000 0.000000 -0.720000
    endloop
  endfacet
  facet normal 0.000000 0.000000 0.000000
    outer loop
      vertex 0.776569 0.000000 -0.776569
      vertex 0.793910 0.000000 -0.750615
      vertex 0.720000 0.000000 -0.720000
    endloop
  endfacet
  facet normal 0.000000 0.000000 0.000000
    outer loop
      vertex 0.793910 0.000000 -0.750615
      vertex 0.800000 0.000000 -0.720000
      vertex 0.720000 0.000000 -0.720000
    endloop
  endfacet
  facet normal 0.000000 0.000000 0.000000
    outer loop
      vertex -0.720000 0.000000 -0.720000
      vertex -0.800000 0.000000 -0.720000
      vertex -0.793910 0.000000 -0.750615
    endloop
  endfacet
  facet normal 0.000000 0.000000 0.000000
    outer loop
      vertex -0.720000 0.000000 -0.720000
      vertex -0.793910 0.000000 -0.750615
      vertex -0.776569 0.000000 -0.776569
    endloop
  endfacet
  facet normal 0.000000 0.000000 0.000000
    outer loop
      vertex -0.720000 0.000000 -0.720000
      vertex -0.776569 0.000000 -0.776569
      vertex -0.750615 0.000000 -0.793910
    endloop
  endfacet
  facet normal 0.000000 0.000000 0.000000
    outer loop
      vertex -0.720000 0.000000 -0.720000
      vertex -0.750615 0.000000 -0.793910
      vertex -0.720000 0.000000 -0.800000
    endloop
  endfacet
  facet normal 0.000000 0.000000 0.000000
    outer loop
      vertex 0.720000 0.320000 0.800000
      vertex 0.750615 0.320000 0.793910
      vertex 0.720000 0.320000 0.720000
    endloop
  endfacet
  facet normal 0.000000 0.000000 0.000000
    outer loop
      vertex 0.750615 0.320000 0.793910
      vertex 0.776569 0.320000 0.776569
      vertex 0.720000 0.320000 0.720000
    endloop
  endfacet
  facet normal 0.000000 0.000000 0.000000
    outer loop
      vertex 0.776569 0.320000 0.776569
      vertex 0.793910 0.320000 0.750615
      vertex 0.720000 0.320000 0.720000
    endloop
  endfacet
  facet normal 0.000000 0.000000 0.000000
    outer loop
      vertex 0.793910 0.320000 0.750615
      vertex 0.800000 0.320000 0.720000
      vertex 0.720000 0.320000 0.720000
    endloop
  endfacet
  facet normal 0.000000 0.000000 0.000000
    outer loop
      vertex -0.720000 0.320000 0.720000
      vertex -0.800000 0.320000 0.720000
      vertex -0.793910 0.320000 0.750615
    endloop
  endfacet
  facet normal 0.000000 0.000000 0.000000
    outer loop
      vertex -0.720000 0.320000 0.720000
      vertex -0.793910 0.320000 0.750615
      vertex -0.776569 0.320000 0.776569
    endloop
  endfacet
  facet normal 0.000000 0.000000 0.000000
    outer loop
      vertex -0.720000 0.320000 0.720000
      vertex -0.776569 0.320000 0.776569
      vertex -0.750615 0.320000 0.793910
    endloop
  endfacet
  facet normal 0.000000 0.000000 0.000000
    outer loop
      vertex -0.720000 0.320000 0.720000
      vertex -0.750615 0.320000 0.793910
      vertex -0.720000 0.320000 0.800000
    endloop
  endfacet
  facet normal 0.000000 0.000000 0.000000
    outer loop
      vertex 0.720000 0.320000 -0.720000
      vertex 0.800000 0.320000 -0.720000
      vertex 0.793910 0.320000 -0.750615
    endloop
  endfacet
  facet normal 0.000000 0.000000 0.000000
    outer loop
      vertex 0.720000 0.320000 -0.720000
      vertex 0.793910 0.320000 -0.750615
      vertex 0.776569 0.320000 -0.776569
    endloop
  endfacet
  facet normal 0.000000 0.000000 0.000000
    outer loop
      vertex 0.720000 0.320000 -0.720000
      vertex 0.776569 0.320000 -0.776569
      vertex 0.750615 0.320000 -0.793910
    endloop
  endfacet
  facet normal 0.000000 0.000000 0.000000
    outer loop
      vertex 0.720000 0.320000 -0.720000
      vertex 0.750615 0.320000 -0.793910
      vertex 0.720000 0.320000 -0.800000
    endloop
  endfacet
  facet normal 0.000000 0.000000 0.000000
    outer loop
      vertex -0.720000 0.320000 -0.800000
      vertex -0.750615 0.320000 -0.793910
      vertex -0.720000 0.320000 -0.720000
    endloop
  endfacet
  facet normal 0.000000 0.000000 0.000000
    outer loop
      vertex -0.750615 0.320000 -0.793910
      vertex -0.776569 0.320000 -0.776569
      vertex -0.720000 0.320000 -0.720000
    endloop
  endfacet
  facet normal 0.000000 0.000000 0.000000
    outer loop
      vertex -0.776569 0.320000 -0.776569
      vertex -0.793910 0.320000 -0.750615
      vertex -0.720000 0.320000 -0.720000
    endloop
  endfacet
  facet normal 0.000000 0.000000 0.000000
    outer loop
      vertex -0.793910 0.320000 -0.750615
      vertex -0.800000 0.320000 -0.720000
      vertex -0.720000 0.320000 -0.720000
    endloop
  endfacet
  facet normal 0.000000 0.000000 0.000000
    outer loop
      vertex 0.240000 0.000000 0.240000
      vertex -0.000000 0.000000 0.240000
      vertex 0.091844 0.000000 0.221731
    endloop
  endfacet
  facet normal 0.000000 0.000000 0.000000
    outer loop
      vertex 0.240000 0.000000 0.240000
      vertex 0.091844 0.000000 0.221731
      vertex 0.169706 0.000000 0.169706
    endloop
  endfacet
  facet normal 0.000000 0.000000 0.000000
    outer loop
      vertex 0.240000 0.000000 0.240000
      vertex 0.169706 0.000000 0.169706
      vertex 0.221731 0.000000 0.091844
    endloop
  endfacet
  facet normal 0.000000 0.000000 0.000000
    outer loop
      vertex 0.240000 0.000000 0.240000
      vertex 0.221731 0.000000 0.091844
      vertex 0.240000 0.000000 0.000000
    endloop
  endfacet
  facet normal 0.000000 0.000000 0.000000
    outer loop
      vertex -0.240000 0.000000 0.240000
      vertex -0.240000 0.000000 -0.000000
      vertex -0.221731 0.000000 0.091844
    endloop
  endfacet
  facet normal 0.000000 0.000000 0.000000
    outer loop
      vertex -0.240000 0.000000 0.240000
      vertex -0.221731 0.000000 0.091844
      vertex -0.169706 0.000000 0.169706
    endloop
  endfacet
  facet normal 0.000000 0.000000 0.000000
    outer loop
      vertex -0.240000 0.000000 0.240000
      vertex -0.169706 0.000000 0.169706
      vertex -0.091844 0.000000 0.221731
    endloop
  endfacet
  facet normal 0.000000 0.000000 0.000000
    outer loop
      vertex -0.240000 0.000000 0.240000
      vertex -0.091844 0.000000 0.221731
      vertex -0.000000 0.000000 0.240000
    endloop
  endfacet
  facet normal 0.000000 0.000000 0.000000
    outer loop
      vertex -0.240000 0.000000 -0.240000
      vertex 0.000000 0.000000 -0.240000
      vertex -0.091844 0.000000 -0.221731
    endloop
  endfacet
  facet normal 0.000000 0.000000 0.000000
    outer loop
      vertex -0.240000 0.000000 -0.240000
      vertex -0.091844 0.000000 -0.221731
      vertex -0.169706 0.000000 -0.169706
    endloop
  endfacet
  facet normal 0.000000 0.000000 0.000000
    outer loop
      vertex -0.240000 0.000000 -0.240000
      vertex -0.169706 0.000000 -0.169706
      vertex -0.221731 0.000000 -0.091844
    endloop
  endfacet
  facet normal 0.000000 0.000000 0.000000
    outer loop
      vertex -0.240000 0.000000 -0.240000
      vertex -0.221731 0.000000 -0.091844
      vertex -0.240000 0.000000 -0.000000
    endloop
  endfacet
  facet normal 0.000000 0.000000 0.000000
    outer loop
      vertex 0.240000 0.000000 -0.240000
      vertex 0.240000 0.000000 0.000000
      vertex 0.221731 0.000000 -0.091844
    endloop
  endfacet
  facet normal 0.000000 0.000000 0.000000
    outer loop
      vertex 0.240000 0.000000 -0.240000
      vertex 0.221731 0.000000 -0.091844
      vertex 0.169706 0.000000 -0.169706
    endloop
  endfacet
  facet normal 0.000000 0.000000 0.000000
    outer loop
      vertex 0.240000 0.000000 -0.240000
      vertex 0.169706 0.000000 -0.169706
      vertex 0.091844 0.000000 -0.221731
    endloop
  endfacet
  facet normal 0.000000 0.000000 0.000000
    outer loop
      vertex 0.240000 0.000000 -0.240000
      vertex 0.091844 0.000000 -0.221731
      vertex 0.000000 0.000000 -0.240000
    endloop
  endfacet
  facet normal 0.000000 0.000000 0.000000
    outer loop
      vertex 0.720000 0.000000 0.800000
      vertex 0.720000 0.320000 0.800000
      vertex 0.320000 0.320000 0.800000
    endloop
  endfacet
  facet normal 0.000000 0.000000 0.000000
    outer loop
      vertex 0.720000 0.000000 0.800000
      vertex 0.320000 0.320000 0.800000
      vertex 0.320000 0.000000 0.800000
    endloop
  endfacet
  facet normal 0.000000 0.000000 0.000000
    outer loop
      vertex -0.720000 0.000000 0.800000
      vertex -0.320000 0.000000 0.800000
      vertex -0.320000 0.320000 0.800000
    endloop
  endfacet
  facet normal 0.000000 0.000000 0.000000
    outer loop
      vertex -0.720000 0.000000 0.800000
      vertex -0.320000 0.320000 0.800000
      vertex -0.720000 0.320000 0.800000
    endloop
  endfacet
  facet normal 0.000000 0.000000 0.000000
    outer loop
      vertex 0.720000 0.000000 -0.800000
      vertex 0.320000 0.000000 -0.800000
      vertex 0.320000 0.320000 -0.800000
    endloop
  endfacet
  facet normal 0.000000 0.000000 0.000000
    outer loop
      vertex 0.720000 0.000000 -0.800000
      vertex 0.320000 0.320000 -0.800000
      vertex 0.720000 0.320000 -0.800000
    endloop
  endfacet
  facet normal 0.000000 0.000000 0.000000
    outer loop
      vertex -0.720000 0.000000 -0.800000
      vertex -0.720000 0.320000 -0.800000
      vertex -0.320000 0.320000 -0.800000
    endloop
  endfacet
  facet normal 0.000000 0.000000 0.000000
    outer loop
      vertex -0.720000 0.000000 -0.800000
      vertex -0.320000 0.320000 -0.800000
      vertex -0.320000 0.000000 -0.800000
    endloop
  endfacet
  facet normal 0.000000 0.000000 0.000000
    outer loop
      vertex 0.320000 0.000000 0.800000
      vertex 0.320000 0.320000 0.800000
      vertex 0.000000 0.320000 0.400000
    endloop
  endfacet
  facet normal 0.000000 0.000000 0.000000
    outer loop
      vertex 0.320000 0.000000 0.800000
      vertex 0.000000 0.320000 0.400000
      vertex 0.000000 0.000000 0.400000
    endloop
  endfacet
  facet normal 0.000000 0.000000 0.000000
    outer loop
      vertex -0.320000 0.000000 0.800000
      vertex 0.000000 0.000000 0.400000
      vertex 0.000000 0.320000 0.400000
    endloop
  endfacet
  facet normal 0.000000 0.000000 0.000000
    outer loop
      vertex -0.320000 0.000000 0.800000
      vertex 0.000000 0.320000 0.400000
      vertex -0.320000 0.320000 0.800000
    endloop
  endfacet
  facet normal 0.000000 0.000000 0.000000
    outer loop
      vertex 0.320000 0.000000 -0.800000
      vertex 0.000000 0.000000 -0.400000
      vertex 0.000000 0.320000 -0.400000
    endloop
  endfacet
  facet normal 0.000000 0.000000 0.000000
    outer loop
      vertex 0.320000 0.000000 -0.800000
      vertex 0.000000 0.320000 -0.400000
      vertex 0.320000 0.320000 -0.800000
    endloop
  endfacet
  facet normal 0.000000 0.000000 0.000000
    outer loop
      vertex -0.320000 0.000000 -0.800000
      vertex -0.320000 0.320000 -0.800000
      vertex 0.000000 0.320000 -0.400000
    endloop
  endfacet
  facet normal 0.000000 0.000000 0.000000
    outer loop
      vertex -0.320000 0.000000 -0.800000
      vertex 0.000000 0.320000 -0.400000
      vertex 0.000000 0.000000 -0.400000
    endloop
  endfacet
  facet normal 0.000000 0.000000 0.000000
    outer loop
      vertex 0.800000 0.000000 0.720000
      vertex 0.800000 0.000000 0.320000
      vertex 0.800000 0.320000 0.320000
    endloop
  endfacet
  facet normal 0.000000 0.000000 0.000000
    outer loop
      vertex 0.800000 0.000000 0.720000
      vertex 0.800000 0.320000 0.320000
      vertex 0.800000 0.320000 0.720000
    endloop
  endfacet
  facet normal 0.000000 0.000000 0.000000
    outer loop
      vertex -0.800000 0.000000 0.720000
      vertex -0.800000 0.320000 0.720000
      vertex -0.800000 0.320000 0.320000
    endloop
  endfacet
  facet normal 0.000000 0.000000 0.000000
    outer loop
      vertex -0.800000 0.000000 0.720000
      vertex -0.800000 0.320000 0.320000
      vertex -0.800000 0.000000 0.320000
    endloop
  endfacet
  facet normal 0.000000 0.000000 0.000000
    outer loop
      vertex 0.800000 0.000000 -0.720000
      vertex 0.800000 0.320000 -0.720000
      vertex 0.800000 0.320000 -0.320000
    endloop
  endfacet
  facet normal 0.000000 0.000000 0.000000
    outer loop
      vertex 0.800000 0.000000 -0.720000
      vertex 0.800000 0.320000 -0.320000
      vertex 0.800000 0.000000 -0.320000
    endloop
  endfacet
  facet normal 0.000000 0.000000 0.000000
    outer loop
      vertex -0.800000 0.000000 -0.720000
      vertex -0.800000 0.000000 -0.320000
      vertex -0.800000 0.320000 -0.320000
    endloop
  endfacet
  facet normal 0.000000 0.000000 0.000000
    outer loop
      vertex -0.800000 0.000000 -0.720000
      vertex -0.800000 0.320000 -0.320000
      vertex -0.800000 0.320000 -0.720000
    endloop
  endfacet
  facet normal 0.000000 0.000000 0.000000
    outer loop
      vertex 0.800000 0.000000 0.320000
      vertex 0.400000 0.000000 0.000000
      vertex 0.400000 0.320000 0.000000
    endloop
  endfacet
  facet normal 0.000000 0.000000 0.000000
    outer loop
      vertex 0.800000 0.000000 0.320000
      vertex 0.400000 0.320000 0.000000
      vertex 0.800000 0.320000 0.320000
    endloop
  endfacet
  facet normal 0.000000 0.000000 0.000000
    outer loop
      vertex -0.800000 0.000000 0.320000
      vertex -0.800000 0.320000 0.320000
      vertex -0.400000 0.320000 0.000000
    endloop
  endfacet
  facet normal 0.000000 0.000000 0.000000
    outer loop
      vertex -0.800000 0.000000 0.320000
      vertex -0.400000 0.320000 0.000000
      vertex -0.400000 0.000000 0.000000
    endloop
  endfacet
  facet normal 0.000000 0.000000 0.000000
    outer loop
      vertex 0.800000 0.000000 -0.320000
      vertex 0.800000 0.320000 -0.320000
      vertex 0.400000 0.320000 0.000000
    endloop
  endfacet
  facet normal 0.000000 0.000000 0.000000
    outer loop
      vertex 0.800000 0.000000 -0.320000
      vertex 0.400000 0.320000 0.000000
      vertex 0.400000 0.000000 0.000000
    endloop
  endfacet
  facet normal 0.000000 0.000000 0.000000
    outer loop
      vertex -0.800000 0.000000 -0.320000
      vertex -0.400000 0.000000 0.000000
      vertex -0.400000 0.320000 0.000000
    endloop
  endfacet
  facet normal 0.000000 0.000000 0.000000
    outer loop
      vertex -0.800000 0.000000 -0.320000
      vertex -0.400000 0.320000 0.000000
      vertex -0.800000 0.320000 -0.320000
    endloop
  endfacet
  facet normal 0.000000 0.000000 0.000000
    outer loop
      vertex 0.240000 0.000000 0.240000
      vertex 0.720000 0.000000 0.720000
      vertex 0.720000 0.000000 0.800000
    endloop
  endfacet
  facet normal 0.000000 0.000000 0.000000
    outer loop
      vertex 0.240000 0.000000 0.240000
      vertex 0.720000 0.000000 0.800000
      vertex 0.320000 0.000000 0.800000
    endloop
  endfacet
  facet normal 0.000000 0.000000 0.000000
    outer loop
      vertex -0.240000 0.000000 0.240000
      vertex -0.320000 0.000000 0.800000
      vertex -0.720000 0.000000 0.800000
    endloop
  endfacet
  facet normal 0.000000 0.000000 0.000000
    outer loop
      vertex -0.240000 0.000000 0.240000
      vertex -0.720000 0.000000 0.800000
      vertex -0.720000 0.000000 0.720000
    endloop
  endfacet
  facet normal 0.000000 0.000000 0.000000
    outer loop
      vertex 0.240000 0.000000 -0.240000
      vertex 0.320000 0.000000 -0.800000
      vertex 0.720000 0.000000 -0.800000
    endloop
  endfacet
  facet normal 0.000000 0.000000 0.000000
    outer loop
      vertex 0.240000 0.000000 -0.240000
      vertex 0.720000 0.000000 -0.800000
      vertex 0.720000 0.000000 -0.720000
    endloop
  endfacet
  facet normal 0.000000 0.000000 0.000000
    outer loop
      vertex -0.240000 0.000000 -0.240000
      vertex -0.720000 0.000000 -0.720000
      vertex -0.720000 0.000000 -0.800000
    endloop
  endfacet
  facet normal 0.000000 0.000000 0.000000
    outer loop
      vertex -0.240000 0.000000 -0.240000
      vertex -0.720000 0.000000 -0.800000
      vertex -0.320000 0.000000 -0.800000
    endloop
  endfacet
  facet normal 0.000000 0.000000 0.000000
    outer loop
      vertex 0.240000 0.000000 0.240000
      vertex 0.320000 0.000000 0.800000
      vertex 0.000000 0.000000 0.400000
    endloop
  endfacet
  facet normal 0.000000 0.000000 0.000000
    outer loop
      vertex 0.240000 0.000000 0.240000
      vertex 0.000000 0.000000 0.400000
      vertex 0.000000 0.000000 0.240000
    endloop
  endfacet
  facet normal 0.000000 0.000000 0.000000
    outer loop
      vertex -0.240000 0.000000 0.240000
      vertex 0.000000 0.000000 0.240000
      vertex 0.000000 0.000000 0.400000
    endloop
  endfacet
  facet normal 0.000000 0.000000 0.000000
    outer loop
      vertex -0.240000 0.000000 0.240000
      vertex 0.000000 0.000000 0.400000
      vertex -0.320000 0.000000 0.800000
    endloop
  endfacet
  facet normal 0.000000 0.000000 0.000000
    outer loop
      vertex 0.240000 0.000000 -0.240000
      vertex 0.000000 0.000000 -0.240000
      vertex 0.000000 0.000000 -0.400000
    endloop
  endfacet
  facet normal 0.000000 0.000000 0.000000
    outer loop
      vertex 0.240000 0.000000 -0.240000
      vertex 0.000000 0.000000 -0.400000
      vertex 0.320000 0.000000 -0.800000
    endloop
  endfacet
  facet normal 0.000000 0.000000 0.000000
    outer loop
      vertex -0.240000 0.000000 -0.240000
      vertex -0.320000 0.000000 -0.800000
      vertex 0.000000 0.000000 -0.400000
    endloop
  endfacet
  facet normal 0.000000 0.000000 0.000000
    outer loop
      vertex -0.240000 0.000000 -0.240000
      vertex 0.000000 0.000000 -0.400000
      vertex 0.000000 0.000000 -0.240000
    endloop
  endfacet
  facet normal 0.000000 0.000000 0.000000
    outer loop
      vertex 0.240000 0.000000 0.240000
      vertex 0.800000 0.000000 0.320000
      vertex 0.800000 0.000000 0.720000
    endloop
  endfacet
  facet normal 0.000000 0.000000 0.000000
    outer loop
      vertex 0.240000 0.000000 0.240000
      vertex 0.800000 0.000000 0.720000
      vertex 0.720000 0.000000 0.720000
    endloop
  endfacet
  facet normal 0.000000 0.000000 0.000000
    outer loop
      vertex -0.240000 0.000000 0.240000
      vertex -0.720000 0.000000 0.720000
      vertex -0.800000 0.000000 0.720000
    endloop
  endfacet
  facet normal 0.000000 0.000000 0.000000
    outer loop
      vertex -0.240000 0.000000 0.240000
      vertex -0.800000 0.000000 0.720000
      vertex -0.800000 0.000000 0.320000
    endloop
  endfacet
  facet normal 0.000000 0.000000 0.000000
    outer loop
      vertex 0.240000 0.000000 -0.240000
      vertex 0.720000 0.000000 -0.720000
      vertex 0.800000 0.000000 -0.720000
    endloop
  endfacet
  facet normal 0.000000 0.000000 0.000000
    outer loop
      vertex 0.240000 0.000000 -0.240000
      vertex 0.800000 0.000000 -0.720000
      vertex 0.800000 0.000000 -0.320000
    endloop
  endfacet
  facet normal 0.000000 0.000000 0.000000
    outer loop
      vertex -0.240000 0.000000 -0.240000
      vertex -0.800000 0.000000 -0.320000
      vertex -0.800000 0.000000 -0.720000
    endloop
  endfacet
  facet normal 0.000000 0.000000 0.000000
    outer loop
      vertex -0.240000 0.000000 -0.240000
      vertex -0.800000 0.000000 -0.720000
      vertex -0.720000 0.000000 -0.720000
    endloop
  endfacet
  facet normal 0.000000 0.000000 0.000000
    outer loop
      vertex 0.240000 0.000000 0.240000
      vertex 0.240000 0.000000 0.000000
      vertex 0.400000 0.000000 0.000000
    endloop
  endfacet
  facet normal 0.000000 0.000000 0.000000
    outer loop
      vertex 0.240000 0.000000 0.240000
      vertex 0.400000 0.000000 0.000000
      vertex 0.800000 0.000000 0.320000
    endloop
  endfacet
  facet normal 0.000000 0.000000 0.000000
    outer loop
      vertex -0.240000 0.000000 0.240000
      vertex -0.800000 0.000000 0.320000
      vertex -0.400000 0.000000 0.000000
    endloop
  endfacet
  facet normal 0.000000 0.000000 0.000000
    outer loop
      vertex -0.240000 0.000000 0.240000
      vertex -0.400000 0.000000 0.000000
      vertex -0.240000 0.000000 0.000000
    endloop
  endfacet
  facet normal 0.000000 0.000000 0.000000
    outer loop
      vertex 0.240000 0.000000 -0.240000
      vertex 0.800000 0.000000 -0.320000
      vertex 0.400000 0.000000 0.000000
    endloop
  endfacet
  facet normal 0.000000 0.000000 0.000000
    outer loop
      vertex 0.240000 0.000000 -0.240000
      vertex 0.400000 0.000000 0.000000
      vertex 0.240000 0.000000 0.000000
    endloop
  endfacet
  facet normal 0.000000 0.000000 0.000000
    outer loop
      vertex -0.240000 0.000000 -0.240000
      vertex -0.240000 0.000000 0.000000
      vertex -0.400000 0.000000 0.000000
    endloop
  endfacet
  facet normal 0.000000 0.000000 0.000000
    outer loop
      vertex -0.240000 0.000000 -0.240000
      vertex -0.400000 0.000000 0.000000
      vertex -0.800000 0.000000 -0.320000
    endloop
  endfacet
  facet normal 0.000000 0.000000 0.000000
    outer loop
      vertex 0.282844 0.160000 -0.282844
      vertex 0.369600 0.160000 -0.153200
      vertex 0.640000 0.160000 -0.400000
    endloop
  endfacet
  facet normal 0.000000 0.000000 0.000000
    outer loop
      vertex 0.282844 0.160000 -0.282844
      vertex 0.640000 0.160000 -0.400000
      vertex 0.640000 0.160000 -0.640000
    endloop
  endfacet
  facet normal 0.000000 0.000000 0.000000
    outer loop
      vertex 0.282844 0.160000 -0.282844
      vertex 0.640000 0.160000 -0.640000
      vertex 0.400000 0.160000 -0.640000
    endloop
  endfacet
  facet normal 0.000000 0.000000 0.000000
    outer loop
      vertex 0.282844 0.160000 -0.282844
      vertex 0.400000 0.160000 -0.640000
      vertex 0.153200 0.160000 -0.369600
    endloop
  endfacet
  facet normal 0.000000 0.000000 0.000000
    outer loop
      vertex -0.282844 0.160000 -0.282844
      vertex -0.153200 0.160000 -0.369600
      vertex -0.400000 0.160000 -0.640000
    endloop
  endfacet
  facet normal 0.000000 0.000000 0.000000
    outer loop
      vertex -0.282844 0.160000 -0.282844
      vertex -0.400000 0.160000 -0.640000
      vertex -0.640000 0.160000 -0.640000
    endloop
  endfacet
  facet normal 0.000000 0.000000 0.000000
    outer loop
      vertex -0.282844 0.160000 -0.282844
      vertex -0.640000 0.160000 -0.640000
      vertex -0.640000 0.160000 -0.400000
    endloop
  endfacet
  facet normal 0.000000 0.000000 0.000000
    outer loop
      vertex -0.282844 0.160000 -0.282844
      vertex -0.640000 0.160000 -0.400000
      vertex -0.369600 0.160000 -0.153200
    endloop
  endfacet
  facet normal 0.000000 0.000000 0.000000
    outer loop
      vertex -0.282844 0.160000 0.282844
      vertex -0.369600 0.160000 0.153200
      vertex -0.640000 0.160000 0.400000
    endloop
  endfacet
  facet normal 0.000000 0.000000 0.000000
    outer loop
      vertex -0.282844 0.160000 0.282844
      vertex -0.640000 0.160000 0.400000
      vertex -0.640000 0.160000 0.640000
    endloop
  endfacet
  facet normal 0.000000 0.000000 0.000000
    outer loop
      vertex -0.282844 0.160000 0.282844
      vertex -0.640000 0.160000 0.640000
      vertex -0.400000 0.160000 0.640000
    endloop
  endfacet
  facet normal 0.000000 0.000000 0.000000
    outer loop
      vertex -0.282844 0.160000 0.282844
      vertex -0.400000 0.160000 0.640000
      vertex -0.153200 0.160000 0.369600
    endloop
  endfacet
  facet normal 0.000000 0.000000 0.000000
    outer loop
      vertex 0.282844 0.160000 0.282844
      vertex 0.153200 0.160000 0.369600
      vertex 0.400000 0.160000 0.640000
    endloop
  endfacet
  facet normal 0.000000 0.000000 0.000000
    outer loop
      vertex 0.282844 0.160000 0.282844
      vertex 0.400000 0.160000 0.640000
      vertex 0.640000 0.160000 0.640000
    endloop
  endfacet
  facet normal 0.000000 0.000000 0.000000
    outer loop
      vertex 0.282844 0.160000 0.282844
      vertex 0.640000 0.160000 0.640000
      vertex 0.640000 0.160000 0.400000
    endloop
  endfacet
  facet normal 0.000000 0.000000 0.000000
    outer loop
      vertex 0.282844 0.160000 0.282844
      vertex 0.640000 0.160000 0.400000
      vertex 0.369600 0.160000 0.153200
    endloop
  endfacet
  facet normal 0.000000 0.000000 0.000000
    outer loop
      vertex 0.400000 0.320000 0.640000
      vertex 0.153200 0.320000 0.369600
      vertex 0.000000 0.320000 0.400000
    endloop
  endfacet
  facet normal 0.000000 0.000000 0.000000
    outer loop
      vertex 0.400000 0.320000 0.640000
      vertex 0.000000 0.320000 0.400000
      vertex 0.320000 0.320000 0.800000
    endloop
  endfacet
  facet normal 0.000000 0.000000 0.000000
    outer loop
      vertex -0.400000 0.320000 0.640000
      vertex -0.320000 0.320000 0.800000
      vertex 0.000000 0.320000 0.400000
    endloop
  endfacet
  facet normal 0.000000 0.000000 0.000000
    outer loop
      vertex -0.400000 0.320000 0.640000
      vertex 0.000000 0.320000 0.400000
      vertex -0.153200 0.320000 0.369600
    endloop
  endfacet
  facet normal 0.000000 0.000000 0.000000
    outer loop
      vertex 0.400000 0.320000 -0.640000
      vertex 0.320000 0.320000 -0.800000
      vertex 0.000000 0.320000 -0.400000
    endloop
  endfacet
  facet normal 0.000000 0.000000 0.000000
    outer loop
      vertex 0.400000 0.320000 -0.640000
      vertex 0.000000 0.320000 -0.400000
      vertex 0.153200 0.320000 -0.369600
    endloop
  endfacet
  facet normal 0.000000 0.000000 0.000000
    outer loop
      vertex -0.400000 0.320000 -0.640000
      vertex -0.153200 0.320000 -0.369600
      vertex 0.000000 0.320000 -0.400000
    endloop
  endfacet
  facet normal 0.000000 0.000000 0.000000
    outer loop
      vertex -0.400000 0.320000 -0.640000
      vertex 0.000000 0.320000 -0.400000
      vertex -0.320000 0.320000 -0.800000
    endloop
  endfacet
  facet normal 0.000000 0.000000 0.000000
    outer loop
      vertex 0.400000 0.320000 0.640000
      vertex 0.720000 0.320000 0.800000
      vertex 0.720000 0.320000 0.720000
    endloop
  endfacet
  facet normal 0.000000 0.000000 0.000000
    outer loop
      vertex 0.400000 0.320000 0.640000
      vertex 0.720000 0.320000 0.720000
      vertex 0.640000 0.320000 0.640000
    endloop
  endfacet
  facet normal 0.000000 0.000000 0.000000
    outer loop
      vertex -0.400000 0.320000 0.640000
      vertex -0.640000 0.320000 0.640000
      vertex -0.720000 0.320000 0.720000
    endloop
  endfacet
  facet normal 0.000000 0.000000 0.000000
    outer loop
      vertex -0.400000 0.320000 0.640000
      vertex -0.720000 0.320000 0.720000
      vertex -0.720000 0.320000 0.800000
    endloop
  endfacet
  facet normal 0.000000 0.000000 0.000000
    outer loop
      vertex 0.400000 0.320000 -0.640000
      vertex 0.640000 0.320000 -0.640000
      vertex 0.720000 0.320000 -0.720000
    endloop
  endfacet
  facet normal 0.000000 0.000000 0.000000
    outer loop
      vertex 0.400000 0.320000 -0.640000
      vertex 0.720000 0.320000 -0.720000
      vertex 0.720000 0.320000 -0.800000
    endloop
  endfacet
  facet normal 0.000000 0.000000 0.000000
    outer loop
      vertex -0.400000 0.320000 -0.640000
      vertex -0.720000 0.320000 -0.800000
      vertex -0.720000 0.320000 -0.720000
    endloop
  endfacet
  facet normal 0.000000 0.000000 0.000000
    outer loop
      vertex -0.400000 0.320000 -0.640000
      vertex -0.720000 0.320000 -0.720000
      vertex -0.640000 0.320000 -0.640000
    endloop
  endfacet
  facet normal 0.000000 0.000000 0.000000
    outer loop
      vertex 0.640000 0.320000 0.400000
      vertex 0.640000 0.320000 0.640000
      vertex 0.720000 0.320000 0.720000
    endloop
  endfacet
  facet normal 0.000000 0.000000 0.000000
    outer loop
      vertex 0.640000 0.320000 0.400000
      vertex 0.720000 0.320000 0.720000
      vertex 0.800000 0.320000 0.720000
    endloop
  endfacet
  facet normal 0.000000 0.000000 0.000000
    outer loop
      vertex -0.640000 0.320000 0.400000
      vertex -0.800000 0.320000 0.720000
      vertex -0.720000 0.320000 0.720000
    endloop
  endfacet
  facet normal 0.000000 0.000000 0.000000
    outer loop
      vertex -0.640000 0.320000 0.400000
      vertex -0.720000 0.320000 0.720000
      vertex -0.640000 0.320000 0.640000
    endloop
  endfacet
  facet normal 0.000000 0.000000 0.000000
    outer loop
      vertex 0.640000 0.320000 -0.400000
      vertex 0.800000 0.320000 -0.720000
      vertex 0.720000 0.320000 -0.720000
    endloop
  endfacet
  facet normal 0.000000 0.000000 0.000000
    outer loop
      vertex 0.640000 0.320000 -0.400000
      vertex 0.720000 0.320000 -0.720000
      vertex 0.640000 0.320000 -0.640000
    endloop
  endfacet
  facet normal 0.000000 0.000000 0.000000
    outer loop
      vertex -0.640000 0.320000 -0.400000
      vertex -0.640000 0.320000 -0.640000
      vertex -0.720000 0.320000 -0.720000
    endloop
  endfacet
  facet normal 0.000000 0.000000 0.000000
    outer loop
      vertex -0.640000 0.320000 -0.400000
      vertex -0.720000 0.320000 -0.720000
      vertex -0.800000 0.320000 -0.720000
    endloop
  endfacet
  facet normal 0.000000 0.000000 0.000000
    outer loop
      vertex 0.640000 0.320000 0.400000
      vertex 0.800000 0.320000 0.320000
      vertex 0.400000 0.320000 0.000000
    endloop
  endfacet
  facet normal 0.000000 0.000000 0.000000
    outer loop
      vertex 0.640000 0.320000 0.400000
      vertex 0.400000 0.320000 0.000000
      vertex 0.369600 0.320000 0.153200
    endloop
  endfacet
  facet normal 0.000000 0.000000 0.000000
    outer loop
      vertex -0.640000 0.320000 0.400000
      vertex -0.369600 0.320000 0.153200
      vertex -0.400000 0.320000 0.000000
    endloop
  endfacet
  facet normal 0.000000 0.000000 0.000000
    outer loop
      vertex -0.640000 0.320000 0.400000
      vertex -0.400000 0.320000 0.000000
      vertex -0.800000 0.320000 0.320000
    endloop
  endfacet
  facet normal 0.000000 0.000000 0.000000
    outer loop
      vertex 0.640000 0.320000 -0.400000
      vertex 0.369600 0.320000 -0.153200
      vertex 0.400000 0.320000 0.000000
    endloop
  endfacet
  facet normal 0.000000 0.000000 0.000000
    outer loop
      vertex 0.640000 0.320000 -0.400000
      vertex 0.400000 0.320000 0.000000
      vertex 0.800000 0.320000 -0.320000
    endloop
  endfacet
  facet normal 0.000000 0.000000 0.000000
    outer loop
      vertex -0.640000 0.320000 -0.400000
      vertex -0.800000 0.320000 -0.320000
      vertex -0.400000 0.320000 0.000000
    endloop
  endfacet
  facet normal 0.000000 0.000000 0.000000
    outer loop
      vertex -0.640000 0.320000 -0.400000
      vertex -0.400000 0.320000 0.000000
      vertex -0.369600 0.320000 -0.153200
    endloop
  endfacet
  facet normal 0.000000 0.000000 0.000000
    outer loop
      vertex 0.800000 0.000000 0.720000
      vertex 0.800000 0.320000 0.720000
      vertex 0.793910 0.320000 0.750615
    endloop
  endfacet
  facet normal 0.000000 0.000000 0.000000
    outer loop
      vertex 0.800000 0.000000 0.720000
      vertex 0.793910 0.320000 0.750615
      vertex 0.793910 0.000000 0.750615
    endloop
  endfacet
  facet normal 0.000000 0.000000 0.000000
    outer loop
      vertex 0.793910 0.000000 0.750615
      vertex 0.793910 0.320000 0.750615
      vertex 0.776569 0.320000 0.776569
    endloop
  endfacet
  facet normal 0.000000 0.000000 0.000000
    outer loop
      vertex 0.793910 0.000000 0.750615
      vertex 0.776569 0.320000 0.776569
      vertex 0.776569 0.000000 0.776569
    endloop
  endfacet
  facet normal 0.000000 0.000000 0.000000
    outer loop
      vertex 0.776569 0.000000 0.776569
      vertex 0.776569 0.320000 0.776569
      vertex 0.750615 0.320000 0.793910
    endloop
  endfacet
  facet normal 0.000000 0.000000 0.000000
    outer loop
      vertex 0.776569 0.000000 0.776569
      vertex 0.750615 0.320000 0.793910
      vertex 0.750615 0.000000 0.793910
    endloop
  endfacet
  facet normal 0.000000 0.000000 0.000000
    outer loop
      vertex 0.750615 0.000000 0.793910
      vertex 0.750615 0.320000 0.793910
      vertex 0.720000 0.320000 0.800000
    endloop
  endfacet
  facet normal 0.000000 0.000000 0.000000
    outer loop
      vertex 0.750615 0.000000 0.793910
      vertex 0.720000 0.320000 0.800000
      vertex 0.720000 0.000000 0.800000
    endloop
  endfacet
  facet normal 0.000000 0.000000 0.000000
    outer loop
      vertex -0.720000 0.000000 0.800000
      vertex -0.720000 0.320000 0.800000
      vertex -0.750615 0.320000 0.793910
    endloop
  endfacet
  facet normal 0.000000 0.000000 0.000000
    outer loop
      vertex -0.720000 0.000000 0.800000
      vertex -0.750615 0.320000 0.793910
      vertex -0.750615 0.000000 0.793910
    endloop
  endfacet
  facet normal 0.000000 0.000000 0.000000
    outer loop
      vertex -0.750615 0.000000 0.793910
      vertex -0.750615 0.320000 0.793910
      vertex -0.776569 0.320000 0.776569
    endloop
  endfacet
  facet normal 0.000000 0.000000 0.000000
    outer loop
      vertex -0.750615 0.000000 0.793910
      vertex -0.776569 0.320000 0.776569
      vertex -0.776569 0.000000 0.776569
    endloop
  endfacet
  facet normal 0.000000 0.000000 0.000000
    outer loop
      vertex -0.776569 0.000000 0.776569
      vertex -0.776569 0.320000 0.776569
      vertex -0.793910 0.320000 0.750615
    endloop
  endfacet
  facet normal 0.000000 0.000000 0.000000
    outer loop
      vertex -0.776569 0.000000 0.776569
      vertex -0.793910 0.320000 0.750615
      vertex -0.793910 0.000000 0.750615
    endloop
  endfacet
  facet normal 0.000000 0.000000 0.000000
    outer loop
      vertex -0.793910 0.000000 0.750615
      vertex -0.793910 0.320000 0.750615
      vertex -0.800000 0.320000 0.720000
    endloop
  endfacet
  facet normal 0.000000 0.000000 0.000000
    outer loop
      vertex -0.793910 0.000000 0.750615
      vertex -0.800000 0.320000 0.720000
      vertex -0.800000 0.000000 0.720000
    endloop
  endfacet
  facet normal 0.000000 0.000000 0.000000
    outer loop
      vertex 0.720000 0.000000 -0.800000
      vertex 0.720000 0.320000 -0.800000
      vertex 0.750615 0.320000 -0.793910
    endloop
  endfacet
  facet normal 0.000000 0.000000 0.000000
    outer loop
      vertex 0.720000 0.000000 -0.800000
      vertex 0.750615 0.320000 -0.793910
      vertex 0.750615 0.000000 -0.793910
    endloop
  endfacet
  facet normal 0.000000 0.000000 0.000000
    outer loop
      vertex 0.750615 0.000000 -0.793910
      vertex 0.750615 0.320000 -0.793910
      vertex 0.776569 0.320000 -0.776569
    endloop
  endfacet
  facet normal 0.000000 0.000000 0.000000
    outer loop
      vertex 0.750615 0.000000 -0.793910
      vertex 0.776569 0.320000 -0.776569
      vertex 0.776569 0.000000 -0.776569
    endloop
  endfacet
  facet normal 0.000000 0.000000 0.000000
    outer loop
      vertex 0.776569 0.000000 -0.776569
      vertex 0.776569 0.320000 -0.776569
      vertex 0.793910 0.320000 -0.750615
    endloop
  endfacet
  facet normal 0.000000 0.000000 0.000000
    outer loop
      vertex 0.776569 0.000000 -0.776569
      vertex 0.793910 0.320000 -0.750615
      vertex 0.793910 0.000000 -0.750615
    endloop
  endfacet
  facet normal 0.000000 0.000000 0.000000
    outer loop
      vertex 0.793910 0.000000 -0.750615
      vertex 0.793910 0.320000 -0.750615
      vertex 0.800000 0.320000 -0.720000
    endloop
  endfacet
  facet normal 0.000000 0.000000 0.000000
    outer loop
      vertex 0.793910 0.000000 -0.750615
      vertex 0.800000 0.320000 -0.720000
      vertex 0.800000 0.000000 -0.720000
    endloop
  endfacet
  facet normal 0.000000 0.000000 0.000000
    outer loop
      vertex -0.800000 0.000000 -0.720000
      vertex -0.800000 0.320000 -0.720000
      vertex -0.793910 0.320000 -0.750615
    endloop
  endfacet
  facet normal 0.000000 0.000000 0.000000
    outer loop
      vertex -0.800000 0.000000 -0.720000
      vertex -0.793910 0.320000 -0.750615
      vertex -0.793910 0.000000 -0.750615
    endloop
  endfacet
  facet normal 0.000000 0.000000 0.000000
    outer loop
      vertex -0.793910 0.000000 -0.750615
      vertex -0.793910 0.320000 -0.750615
      vertex -0.776569 0.320000 -0.776569
    endloop
  endfacet
  facet normal 0.000000 0.000000 0.000000
    outer loop
      vertex -0.793910 0.000000 -0.750615
      vertex -0.776569 0.320000 -0.776569
      vertex -0.776569 0.000000 -0.776569
    endloop
  endfacet
  facet normal 0.000000 0.000000 0.000000
    outer loop
      vertex -0.776569 0.000000 -0.776569
      vertex -0.776569 0.320000 -0.776569
      vertex -0.750615 0.320000 -0.793910
    endloop
