solid MYSOLID created by LDView, original data in 48245d01.dat
  facet normal 0.000000 0.000000 0.000000
    outer loop
      vertex 0.560684 -1.470708 0.660680
      vertex 0.594432 -1.492388 0.648548
      vertex 0.348244 -1.550000 0.840752
    endloop
  endfacet
  facet normal 0.000000 0.000000 0.000000
    outer loop
      vertex 0.532956 -1.438268 0.663620
      vertex 0.560684 -1.470708 0.660680
      vertex 0.348244 -1.550000 0.840752
    endloop
  endfacet
  facet normal 0.000000 0.000000 0.000000
    outer loop
      vertex 0.515484 -1.400000 0.656904
      vertex 0.532956 -1.438268 0.663620
      vertex 0.348244 -1.550000 0.840752
    endloop
  endfacet
  facet normal 0.000000 0.000000 0.000000
    outer loop
      vertex 0.306148 -1.280000 0.739124
      vertex 0.519944 -1.329288 0.619940
      vertex 0.510908 -1.361728 0.641568
    endloop
  endfacet
  facet normal 0.000000 0.000000 0.000000
    outer loop
      vertex 0.519944 -1.329288 0.619940
      vertex 0.306148 -1.280000 0.739124
      vertex 0.541200 -1.307608 0.595320
    endloop
  endfacet
  facet normal 0.000000 0.000000 0.000000
    outer loop
      vertex 0.840752 -1.550000 0.348244
      vertex 0.648548 -1.492388 0.594432
      vertex 0.660680 -1.470708 0.560684
    endloop
  endfacet
  facet normal 0.000000 0.000000 0.000000
    outer loop
      vertex 0.840752 -1.550000 0.348244
      vertex 0.660680 -1.470708 0.560684
      vertex 0.663620 -1.438268 0.532956
    endloop
  endfacet
  facet normal 0.000000 0.000000 0.000000
    outer loop
      vertex 0.840752 -1.550000 0.348244
      vertex 0.663620 -1.438268 0.532956
      vertex 0.656904 -1.400000 0.515484
    endloop
  endfacet
  facet normal 0.000000 0.000000 0.000000
    outer loop
      vertex 0.641568 -1.361728 0.510908
      vertex 0.619940 -1.329288 0.519944
      vertex 0.739124 -1.280000 0.306148
    endloop
  endfacet
  facet normal 0.000000 0.000000 0.000000
    outer loop
      vertex 0.595320 -1.307608 0.541200
      vertex 0.739124 -1.280000 0.306148
      vertex 0.619940 -1.329288 0.519944
    endloop
  endfacet
  facet normal 0.000000 0.000000 0.000000
    outer loop
      vertex -0.560684 -1.470708 -0.660680
      vertex -0.594432 -1.492388 -0.648548
      vertex -0.348244 -1.550000 -0.840752
    endloop
  endfacet
  facet normal 0.000000 0.000000 0.000000
    outer loop
      vertex -0.532956 -1.438268 -0.663620
      vertex -0.560684 -1.470708 -0.660680
      vertex -0.348244 -1.550000 -0.840752
    endloop
  endfacet
  facet normal 0.000000 0.000000 0.000000
    outer loop
      vertex -0.515484 -1.400000 -0.656904
      vertex -0.532956 -1.438268 -0.663620
      vertex -0.348244 -1.550000 -0.840752
    endloop
  endfacet
  facet normal 0.000000 0.000000 0.000000
    outer loop
      vertex -0.306148 -1.280000 -0.739124
      vertex -0.519944 -1.329288 -0.619940
      vertex -0.510908 -1.361728 -0.641568
    endloop
  endfacet
  facet normal 0.000000 0.000000 0.000000
    outer loop
      vertex -0.519944 -1.329288 -0.619940
      vertex -0.306148 -1.280000 -0.739124
      vertex -0.541200 -1.307608 -0.595320
    endloop
  endfacet
  facet normal 0.000000 0.000000 0.000000
    outer loop
      vertex -0.840752 -1.550000 -0.348244
      vertex -0.648548 -1.492388 -0.594432
      vertex -0.660680 -1.470708 -0.560684
    endloop
  endfacet
  facet normal 0.000000 0.000000 0.000000
    outer loop
      vertex -0.840752 -1.550000 -0.348244
      vertex -0.660680 -1.470708 -0.560684
      vertex -0.663620 -1.438268 -0.532956
    endloop
  endfacet
  facet normal 0.000000 0.000000 0.000000
    outer loop
      vertex -0.840752 -1.550000 -0.348244
      vertex -0.663620 -1.438268 -0.532956
      vertex -0.656904 -1.400000 -0.515484
    endloop
  endfacet
  facet normal 0.000000 0.000000 0.000000
    outer loop
      vertex -0.641568 -1.361728 -0.510908
      vertex -0.619940 -1.329288 -0.519944
      vertex -0.739124 -1.280000 -0.306148
    endloop
  endfacet
  facet normal 0.000000 0.000000 0.000000
    outer loop
      vertex -0.595320 -1.307608 -0.541200
      vertex -0.739124 -1.280000 -0.306148
      vertex -0.619940 -1.329288 -0.519944
    endloop
  endfacet
  facet normal 0.000000 0.000000 0.000000
    outer loop
      vertex 0.572964 -1.520000 0.855716
      vertex 0.657712 -1.500000 0.799092
      vertex 0.657712 -1.400000 0.799092
    endloop
  endfacet
  facet normal 0.000000 0.000000 0.000000
    outer loop
      vertex 0.572964 -1.520000 0.855716
      vertex 0.657712 -1.400000 0.799092
      vertex 0.572964 -1.400000 0.855716
    endloop
  endfacet
  facet normal 0.000000 0.000000 0.000000
    outer loop
      vertex 0.799092 -1.400000 0.657712
      vertex 0.799092 -1.500000 0.657712
      vertex 0.855716 -1.520000 0.572964
    endloop
  endfacet
  facet normal 0.000000 0.000000 0.000000
    outer loop
      vertex 0.855716 -1.400000 0.572964
      vertex 0.799092 -1.400000 0.657712
      vertex 0.855716 -1.520000 0.572964
    endloop
  endfacet
  facet normal 0.000000 0.000000 0.000000
    outer loop
      vertex -0.572964 -1.520000 -0.855716
      vertex -0.657712 -1.500000 -0.799092
      vertex -0.657712 -1.400000 -0.799092
    endloop
  endfacet
  facet normal 0.000000 0.000000 0.000000
    outer loop
      vertex -0.572964 -1.520000 -0.855716
      vertex -0.657712 -1.400000 -0.799092
      vertex -0.572964 -1.400000 -0.855716
    endloop
  endfacet
  facet normal 0.000000 0.000000 0.000000
    outer loop
      vertex -0.799092 -1.400000 -0.657712
      vertex -0.799092 -1.500000 -0.657712
      vertex -0.855716 -1.520000 -0.572964
    endloop
  endfacet
  facet normal 0.000000 0.000000 0.000000
    outer loop
      vertex -0.855716 -1.400000 -0.572964
      vertex -0.799092 -1.400000 -0.657712
      vertex -0.855716 -1.520000 -0.572964
    endloop
  endfacet
  facet normal 0.000000 0.000000 0.000000
    outer loop
      vertex 0.000000 0.110000 -0.320000
      vertex 0.122459 0.110000 -0.295641
      vertex 0.320000 0.110000 -0.320000
    endloop
  endfacet
  facet normal 0.000000 0.000000 0.000000
    outer loop
      vertex 0.122459 0.110000 -0.295641
      vertex 0.226274 0.110000 -0.226274
      vertex 0.320000 0.110000 -0.320000
    endloop
  endfacet
  facet normal 0.000000 0.000000 0.000000
    outer loop
      vertex 0.226274 0.110000 -0.226274
      vertex 0.295641 0.110000 -0.122459
      vertex 0.320000 0.110000 -0.320000
    endloop
  endfacet
  facet normal 0.000000 0.000000 0.000000
    outer loop
      vertex 0.295641 0.110000 -0.122459
      vertex 0.320000 0.110000 0.000000
      vertex 0.320000 0.110000 -0.320000
    endloop
  endfacet
  facet normal 0.000000 0.000000 0.000000
    outer loop
      vertex -0.320000 0.110000 -0.000000
      vertex -0.295641 0.110000 -0.122459
      vertex -0.320000 0.110000 -0.320000
    endloop
  endfacet
  facet normal 0.000000 0.000000 0.000000
    outer loop
      vertex -0.295641 0.110000 -0.122459
      vertex -0.226274 0.110000 -0.226274
      vertex -0.320000 0.110000 -0.320000
    endloop
  endfacet
  facet normal 0.000000 0.000000 0.000000
    outer loop
      vertex -0.226274 0.110000 -0.226274
      vertex -0.122459 0.110000 -0.295641
      vertex -0.320000 0.110000 -0.320000
    endloop
  endfacet
  facet normal 0.000000 0.000000 0.000000
    outer loop
      vertex -0.122459 0.110000 -0.295641
      vertex 0.000000 0.110000 -0.320000
      vertex -0.320000 0.110000 -0.320000
    endloop
  endfacet
  facet normal 0.000000 0.000000 0.000000
    outer loop
      vertex -0.000000 0.110000 0.320000
      vertex -0.122459 0.110000 0.295641
      vertex -0.320000 0.110000 0.320000
    endloop
  endfacet
  facet normal 0.000000 0.000000 0.000000
    outer loop
      vertex -0.122459 0.110000 0.295641
      vertex -0.226274 0.110000 0.226274
      vertex -0.320000 0.110000 0.320000
    endloop
  endfacet
  facet normal 0.000000 0.000000 0.000000
    outer loop
      vertex -0.226274 0.110000 0.226274
      vertex -0.295641 0.110000 0.122459
      vertex -0.320000 0.110000 0.320000
    endloop
  endfacet
  facet normal 0.000000 0.000000 0.000000
    outer loop
      vertex -0.295641 0.110000 0.122459
      vertex -0.320000 0.110000 -0.000000
      vertex -0.320000 0.110000 0.320000
    endloop
  endfacet
  facet normal 0.000000 0.000000 0.000000
    outer loop
      vertex 0.320000 0.110000 0.000000
      vertex 0.295641 0.110000 0.122459
      vertex 0.320000 0.110000 0.320000
    endloop
  endfacet
  facet normal 0.000000 0.000000 0.000000
    outer loop
      vertex 0.295641 0.110000 0.122459
      vertex 0.226274 0.110000 0.226274
      vertex 0.320000 0.110000 0.320000
    endloop
  endfacet
  facet normal 0.000000 0.000000 0.000000
    outer loop
      vertex 0.226274 0.110000 0.226274
      vertex 0.122459 0.110000 0.295641
      vertex 0.320000 0.110000 0.320000
    endloop
  endfacet
  facet normal 0.000000 0.000000 0.000000
    outer loop
      vertex 0.122459 0.110000 0.295641
      vertex -0.000000 0.110000 0.320000
      vertex 0.320000 0.110000 0.320000
    endloop
  endfacet
  facet normal 0.000000 0.000000 0.000000
    outer loop
      vertex 0.240000 0.110000 0.000000
      vertex 0.221731 0.110000 -0.091844
      vertex 0.000000 0.110000 0.000000
    endloop
  endfacet
  facet normal 0.000000 0.000000 0.000000
    outer loop
      vertex 0.221731 0.110000 -0.091844
      vertex 0.169706 0.110000 -0.169706
      vertex 0.000000 0.110000 0.000000
    endloop
  endfacet
  facet normal 0.000000 0.000000 0.000000
    outer loop
      vertex 0.169706 0.110000 -0.169706
      vertex 0.091844 0.110000 -0.221731
      vertex 0.000000 0.110000 0.000000
    endloop
  endfacet
  facet normal 0.000000 0.000000 0.000000
    outer loop
      vertex 0.091844 0.110000 -0.221731
      vertex 0.000000 0.110000 -0.240000
      vertex 0.000000 0.110000 0.000000
    endloop
  endfacet
  facet normal 0.000000 0.000000 0.000000
    outer loop
      vertex 0.000000 0.110000 -0.240000
      vertex -0.091844 0.110000 -0.221731
      vertex 0.000000 0.110000 0.000000
    endloop
  endfacet
  facet normal 0.000000 0.000000 0.000000
    outer loop
      vertex -0.091844 0.110000 -0.221731
      vertex -0.169706 0.110000 -0.169706
      vertex 0.000000 0.110000 0.000000
    endloop
  endfacet
  facet normal 0.000000 0.000000 0.000000
    outer loop
      vertex -0.169706 0.110000 -0.169706
      vertex -0.221731 0.110000 -0.091844
      vertex 0.000000 0.110000 0.000000
    endloop
  endfacet
  facet normal 0.000000 0.000000 0.000000
    outer loop
      vertex -0.221731 0.110000 -0.091844
      vertex -0.240000 0.110000 -0.000000
      vertex 0.000000 0.110000 0.000000
    endloop
  endfacet
  facet normal 0.000000 0.000000 0.000000
    outer loop
      vertex -0.240000 0.110000 -0.000000
      vertex -0.221731 0.110000 0.091844
      vertex 0.000000 0.110000 0.000000
    endloop
  endfacet
  facet normal 0.000000 0.000000 0.000000
    outer loop
      vertex -0.221731 0.110000 0.091844
      vertex -0.169706 0.110000 0.169706
      vertex 0.000000 0.110000 0.000000
    endloop
  endfacet
  facet normal 0.000000 0.000000 0.000000
    outer loop
      vertex -0.169706 0.110000 0.169706
      vertex -0.091844 0.110000 0.221731
      vertex 0.000000 0.110000 0.000000
    endloop
  endfacet
  facet normal 0.000000 0.000000 0.000000
    outer loop
      vertex -0.091844 0.110000 0.221731
      vertex -0.000000 0.110000 0.240000
      vertex 0.000000 0.110000 0.000000
    endloop
  endfacet
  facet normal 0.000000 0.000000 0.000000
    outer loop
      vertex -0.000000 0.110000 0.240000
      vertex 0.091844 0.110000 0.221731
      vertex 0.000000 0.110000 0.000000
    endloop
  endfacet
  facet normal 0.000000 0.000000 0.000000
    outer loop
      vertex 0.091844 0.110000 0.221731
      vertex 0.169706 0.110000 0.169706
      vertex 0.000000 0.110000 0.000000
    endloop
  endfacet
  facet normal 0.000000 0.000000 0.000000
    outer loop
      vertex 0.169706 0.110000 0.169706
      vertex 0.221731 0.110000 0.091844
      vertex 0.000000 0.110000 0.000000
    endloop
  endfacet
  facet normal 0.000000 0.000000 0.000000
    outer loop
      vertex 0.221731 0.110000 0.091844
      vertex 0.240000 0.110000 0.000000
      vertex 0.000000 0.110000 0.000000
    endloop
  endfacet
  facet normal 0.000000 0.000000 0.000000
    outer loop
      vertex 0.306146 0.320000 -0.739105
      vertex -0.000001 0.320000 -0.800001
      vertex -0.306148 0.320000 -0.739104
    endloop
  endfacet
  facet normal 0.000000 0.000000 0.000000
    outer loop
      vertex 0.739105 0.320000 0.306146
      vertex 0.800001 0.320000 -0.000001
      vertex 0.739104 0.320000 -0.306148
    endloop
  endfacet
  facet normal 0.000000 0.000000 0.000000
    outer loop
      vertex -0.306146 0.320000 0.739105
      vertex 0.000001 0.320000 0.800001
      vertex 0.306148 0.320000 0.739104
    endloop
  endfacet
  facet normal 0.000000 0.000000 0.000000
    outer loop
      vertex -0.739105 0.320000 -0.306146
      vertex -0.800001 0.320000 0.000001
      vertex -0.739104 0.320000 0.306148
    endloop
  endfacet
  facet normal 0.000000 0.000000 0.000000
    outer loop
      vertex 0.000000 0.000000 0.000000
      vertex 0.640000 0.000000 0.000000
      vertex 0.591283 0.000000 0.244917
    endloop
  endfacet
  facet normal 0.000000 0.000000 0.000000
    outer loop
      vertex 0.000000 0.000000 0.000000
      vertex 0.591283 0.000000 0.244917
      vertex 0.452548 0.000000 0.452548
    endloop
  endfacet
  facet normal 0.000000 0.000000 0.000000
    outer loop
      vertex 0.000000 0.000000 0.000000
      vertex 0.452548 0.000000 0.452548
      vertex 0.244917 0.000000 0.591283
    endloop
  endfacet
  facet normal 0.000000 0.000000 0.000000
    outer loop
      vertex 0.000000 0.000000 0.000000
      vertex 0.244917 0.000000 0.591283
      vertex -0.000000 0.000000 0.640000
    endloop
  endfacet
  facet normal 0.000000 0.000000 0.000000
    outer loop
      vertex 0.000000 0.000000 0.000000
      vertex -0.000000 0.000000 0.640000
      vertex -0.244917 0.000000 0.591283
    endloop
  endfacet
  facet normal 0.000000 0.000000 0.000000
    outer loop
      vertex 0.000000 0.000000 0.000000
      vertex -0.244917 0.000000 0.591283
      vertex -0.452548 0.000000 0.452548
    endloop
  endfacet
  facet normal 0.000000 0.000000 0.000000
    outer loop
      vertex 0.000000 0.000000 0.000000
      vertex -0.452548 0.000000 0.452548
      vertex -0.591283 0.000000 0.244917
    endloop
  endfacet
  facet normal 0.000000 0.000000 0.000000
    outer loop
      vertex 0.000000 0.000000 0.000000
      vertex -0.591283 0.000000 0.244917
      vertex -0.640000 0.000000 -0.000000
    endloop
  endfacet
  facet normal 0.000000 0.000000 0.000000
    outer loop
      vertex 0.000000 0.000000 0.000000
      vertex -0.640000 0.000000 -0.000000
      vertex -0.591283 0.000000 -0.244917
    endloop
  endfacet
  facet normal 0.000000 0.000000 0.000000
    outer loop
      vertex 0.000000 0.000000 0.000000
      vertex -0.591283 0.000000 -0.244917
      vertex -0.452548 0.000000 -0.452548
    endloop
  endfacet
  facet normal 0.000000 0.000000 0.000000
    outer loop
      vertex 0.000000 0.000000 0.000000
      vertex -0.452548 0.000000 -0.452548
      vertex -0.244917 0.000000 -0.591283
    endloop
  endfacet
  facet normal 0.000000 0.000000 0.000000
    outer loop
      vertex 0.000000 0.000000 0.000000
      vertex -0.244917 0.000000 -0.591283
      vertex 0.000000 0.000000 -0.640000
    endloop
  endfacet
  facet normal 0.000000 0.000000 0.000000
    outer loop
      vertex 0.000000 0.000000 0.000000
      vertex 0.000000 0.000000 -0.640000
      vertex 0.244918 0.000000 -0.591283
    endloop
  endfacet
  facet normal 0.000000 0.000000 0.000000
    outer loop
      vertex 0.000000 0.000000 0.000000
      vertex 0.244918 0.000000 -0.591283
      vertex 0.452548 0.000000 -0.452548
    endloop
  endfacet
  facet normal 0.000000 0.000000 0.000000
    outer loop
      vertex 0.000000 0.000000 0.000000
      vertex 0.452548 0.000000 -0.452548
      vertex 0.591283 0.000000 -0.244917
    endloop
  endfacet
  facet normal 0.000000 0.000000 0.000000
    outer loop
      vertex 0.000000 0.000000 0.000000
      vertex 0.591283 0.000000 -0.244917
      vertex 0.640000 0.000000 0.000000
    endloop
  endfacet
  facet normal 0.000000 0.000000 0.000000
    outer loop
      vertex 0.657716 -1.500000 0.799092
      vertex 0.742464 -1.500000 0.742464
      vertex 0.710032 -1.492388 0.764135
    endloop
  endfacet
  facet normal 0.000000 0.000000 0.000000
    outer loop
      vertex 0.657716 -1.500000 0.799092
      vertex 0.710032 -1.492388 0.764135
      vertex 0.682538 -1.470711 0.782506
    endloop
  endfacet
  facet normal 0.000000 0.000000 0.000000
    outer loop
      vertex 0.657716 -1.500000 0.799092
      vertex 0.682538 -1.470711 0.782506
      vertex 0.664167 -1.438268 0.794781
    endloop
  endfacet
  facet normal 0.000000 0.000000 0.000000
    outer loop
      vertex 0.657716 -1.500000 0.799092
      vertex 0.664167 -1.438268 0.794781
      vertex 0.657716 -1.400000 0.799092
    endloop
  endfacet
  facet normal 0.000000 0.000000 0.000000
    outer loop
      vertex 0.799092 -1.400000 0.657716
      vertex 0.794781 -1.438268 0.664167
      vertex 0.799092 -1.500000 0.657716
    endloop
  endfacet
  facet normal 0.000000 0.000000 0.000000
    outer loop
      vertex 0.794781 -1.438268 0.664167
      vertex 0.782506 -1.470711 0.682538
      vertex 0.799092 -1.500000 0.657716
    endloop
  endfacet
  facet normal 0.000000 0.000000 0.000000
    outer loop
      vertex 0.782506 -1.470711 0.682538
      vertex 0.764135 -1.492388 0.710032
      vertex 0.799092 -1.500000 0.657716
    endloop
  endfacet
  facet normal 0.000000 0.000000 0.000000
    outer loop
      vertex 0.764135 -1.492388 0.710032
      vertex 0.742464 -1.500000 0.742464
      vertex 0.799092 -1.500000 0.657716
    endloop
  endfacet
  facet normal 0.000000 0.000000 0.000000
    outer loop
      vertex -0.657716 -1.500000 -0.799092
      vertex -0.742464 -1.500000 -0.742464
      vertex -0.710032 -1.492388 -0.764135
    endloop
  endfacet
  facet normal 0.000000 0.000000 0.000000
    outer loop
      vertex -0.657716 -1.500000 -0.799092
      vertex -0.710032 -1.492388 -0.764135
      vertex -0.682538 -1.470711 -0.782506
    endloop
  endfacet
  facet normal 0.000000 0.000000 0.000000
    outer loop
      vertex -0.657716 -1.500000 -0.799092
      vertex -0.682538 -1.470711 -0.782506
      vertex -0.664167 -1.438268 -0.794781
    endloop
  endfacet
  facet normal 0.000000 0.000000 0.000000
    outer loop
      vertex -0.657716 -1.500000 -0.799092
      vertex -0.664167 -1.438268 -0.794781
      vertex -0.657716 -1.400000 -0.799092
    endloop
  endfacet
  facet normal 0.000000 0.000000 0.000000
    outer loop
      vertex -0.799092 -1.400000 -0.657716
      vertex -0.794781 -1.438268 -0.664167
      vertex -0.799092 -1.500000 -0.657716
    endloop
  endfacet
  facet normal 0.000000 0.000000 0.000000
    outer loop
      vertex -0.794781 -1.438268 -0.664167
      vertex -0.782506 -1.470711 -0.682538
      vertex -0.799092 -1.500000 -0.657716
    endloop
  endfacet
  facet normal 0.000000 0.000000 0.000000
    outer loop
      vertex -0.782506 -1.470711 -0.682538
      vertex -0.764135 -1.492388 -0.710032
      vertex -0.799092 -1.500000 -0.657716
    endloop
  endfacet
  facet normal 0.000000 0.000000 0.000000
    outer loop
      vertex -0.764135 -1.492388 -0.710032
      vertex -0.742464 -1.500000 -0.742464
      vertex -0.799092 -1.500000 -0.657716
    endloop
  endfacet
  facet normal 0.000000 0.000000 0.000000
    outer loop
      vertex -0.391862 0.000000 -0.681844
      vertex -0.306160 0.000000 -0.739120
      vertex -0.306156 0.063642 -0.739122
    endloop
  endfacet
  facet normal 0.000000 0.000000 0.000000
    outer loop
      vertex 0.000000 0.110000 -0.800000
      vertex -0.243727 0.110000 -0.751535
      vertex 0.000000 0.000000 -0.800000
    endloop
  endfacet
  facet normal 0.000000 0.000000 0.000000
    outer loop
      vertex 0.243727 0.110000 -0.751535
      vertex 0.000000 0.110000 -0.800000
      vertex 0.000000 0.000000 -0.800000
    endloop
  endfacet
  facet normal 0.000000 0.000000 0.000000
    outer loop
      vertex 0.306160 0.000000 -0.739120
      vertex 0.391862 0.000000 -0.681844
      vertex 0.306156 0.063642 -0.739121
    endloop
  endfacet
  facet normal 0.000000 0.000000 0.000000
    outer loop
      vertex -0.220435 -1.055296 -0.854094
      vertex 0.000000 -1.104000 -0.902445
      vertex 0.000000 -0.862500 -0.880044
    endloop
  endfacet
  facet normal 0.000000 0.000000 0.000000
    outer loop
      vertex 0.000000 -1.104000 -0.902445
      vertex 0.220435 -1.055296 -0.854094
      vertex 0.000000 -0.862500 -0.880044
    endloop
  endfacet
  facet normal 0.000000 0.000000 0.000000
    outer loop
      vertex -0.532166 -0.708928 -0.665647
      vertex -0.439796 -0.862500 -0.744234
      vertex -0.336792 -0.862500 -0.813072
    endloop
  endfacet
  facet normal 0.000000 0.000000 0.000000
    outer loop
      vertex -0.576000 -0.464000 -0.609553
      vertex -0.532166 -0.708928 -0.665647
      vertex -0.336792 -0.862500 -0.813072
    endloop
  endfacet
  facet normal 0.000000 0.000000 0.000000
    outer loop
      vertex -0.407290 -0.011456 -0.672788
      vertex -0.532166 -0.219072 -0.612048
      vertex -0.306160 0.000000 -0.739120
    endloop
  endfacet
  facet normal 0.000000 0.000000 0.000000
    outer loop
      vertex -0.306160 0.000000 -0.739120
      vertex -0.391862 0.000000 -0.681844
      vertex -0.407290 -0.011456 -0.672788
    endloop
  endfacet
  facet normal 0.000000 0.000000 0.000000
    outer loop
      vertex -0.336792 -0.862500 -0.813072
      vertex 0.000000 -0.862500 -0.880044
      vertex -0.306160 0.000000 -0.739120
    endloop
  endfacet
  facet normal 0.000000 0.000000 0.000000
    outer loop
      vertex 0.000000 -0.862500 -0.880044
      vertex 0.000000 0.000000 -0.800000
      vertex -0.306160 0.000000 -0.739120
    endloop
  endfacet
  facet normal 0.000000 0.000000 0.000000
    outer loop
      vertex 0.306160 0.000000 -0.739120
      vertex 0.000000 0.000000 -0.800000
      vertex 0.000000 -0.862500 -0.880044
    endloop
  endfacet
  facet normal 0.000000 0.000000 0.000000
    outer loop
      vertex 0.000000 -0.862500 -0.880044
      vertex 0.336792 -0.862500 -0.813072
      vertex 0.306160 0.000000 -0.739120
    endloop
  endfacet
  facet normal 0.000000 0.000000 0.000000
    outer loop
      vertex 0.532166 -0.708928 -0.665647
      vertex 0.576000 -0.464000 -0.609553
      vertex 0.336792 -0.862500 -0.813072
    endloop
  endfacet
  facet normal 0.000000 0.000000 0.000000
    outer loop
      vertex 0.336792 -0.862500 -0.813072
      vertex 0.439796 -0.862500 -0.744234
      vertex 0.532166 -0.708928 -0.665647
    endloop
  endfacet
  facet normal 0.000000 0.000000 0.000000
    outer loop
      vertex 0.407290 -0.011456 -0.672788
      vertex 0.391862 0.000000 -0.681844
      vertex 0.306160 0.000000 -0.739120
    endloop
  endfacet
  facet normal 0.000000 0.000000 0.000000
    outer loop
      vertex 0.532166 -0.219072 -0.612048
      vertex 0.407290 -0.011456 -0.672788
      vertex 0.306160 0.000000 -0.739120
    endloop
  endfacet
  facet normal 0.000000 0.000000 0.000000
    outer loop
      vertex 0.454400 0.110000 0.640000
      vertex 0.565600 0.110000 0.565600
      vertex 0.640000 0.110000 0.454400
    endloop
  endfacet
  facet normal 0.000000 0.000000 0.000000
    outer loop
      vertex 0.454400 0.110000 0.640000
      vertex 0.640000 0.110000 0.454400
      vertex 0.320000 0.110000 0.320000
    endloop
  endfacet
  facet normal 0.000000 0.000000 0.000000
    outer loop
      vertex 0.640000 0.110000 -0.454400
      vertex 0.565600 0.110000 -0.565600
      vertex 0.454400 0.110000 -0.640000
    endloop
  endfacet
  facet normal 0.000000 0.000000 0.000000
    outer loop
      vertex 0.640000 0.110000 -0.454400
      vertex 0.454400 0.110000 -0.640000
      vertex 0.320000 0.110000 -0.320000
    endloop
  endfacet
  facet normal 0.000000 0.000000 0.000000
    outer loop
      vertex -0.454400 0.110000 -0.640000
      vertex -0.565600 0.110000 -0.565600
      vertex -0.640000 0.110000 -0.454400
    endloop
  endfacet
  facet normal 0.000000 0.000000 0.000000
    outer loop
      vertex -0.454400 0.110000 -0.640000
      vertex -0.640000 0.110000 -0.454400
      vertex -0.320000 0.110000 -0.320000
    endloop
  endfacet
  facet normal 0.000000 0.000000 0.000000
    outer loop
      vertex -0.640000 0.110000 0.454400
      vertex -0.565600 0.110000 0.565600
      vertex -0.454400 0.110000 0.640000
    endloop
  endfacet
  facet normal 0.000000 0.000000 0.000000
    outer loop
      vertex -0.640000 0.110000 0.454400
      vertex -0.454400 0.110000 0.640000
      vertex -0.320000 0.110000 0.320000
    endloop
  endfacet
  facet normal 0.000000 0.000000 0.000000
    outer loop
      vertex 0.640000 0.110000 0.454400
      vertex 0.640000 0.110000 -0.454400
      vertex 0.320000 0.110000 -0.320000
    endloop
  endfacet
  facet normal 0.000000 0.000000 0.000000
    outer loop
      vertex 0.640000 0.110000 0.454400
      vertex 0.320000 0.110000 -0.320000
      vertex 0.320000 0.110000 0.320000
    endloop
  endfacet
  facet normal 0.000000 0.000000 0.000000
    outer loop
      vertex 0.454400 0.110000 -0.640000
      vertex -0.454400 0.110000 -0.640000
      vertex -0.320000 0.110000 -0.320000
    endloop
  endfacet
  facet normal 0.000000 0.000000 0.000000
    outer loop
      vertex 0.454400 0.110000 -0.640000
      vertex -0.320000 0.110000 -0.320000
      vertex 0.320000 0.110000 -0.320000
    endloop
  endfacet
  facet normal 0.000000 0.000000 0.000000
    outer loop
      vertex -0.640000 0.110000 -0.454400
      vertex -0.640000 0.110000 0.454400
      vertex -0.320000 0.110000 0.320000
    endloop
  endfacet
  facet normal 0.000000 0.000000 0.000000
    outer loop
      vertex -0.640000 0.110000 -0.454400
      vertex -0.320000 0.110000 0.320000
      vertex -0.320000 0.110000 -0.320000
    endloop
  endfacet
  facet normal 0.000000 0.000000 0.000000
    outer loop
      vertex -0.454400 0.110000 0.640000
      vertex 0.454400 0.110000 0.640000
      vertex 0.320000 0.110000 0.320000
    endloop
  endfacet
  facet normal 0.000000 0.000000 0.000000
    outer loop
      vertex -0.454400 0.110000 0.640000
      vertex 0.320000 0.110000 0.320000
      vertex -0.320000 0.110000 0.320000
    endloop
  endfacet
  facet normal 0.000000 0.000000 0.000000
    outer loop
      vertex 0.306148 0.320000 -0.739104
      vertex -0.306148 0.320000 -0.739104
      vertex -0.454400 0.320000 -0.640000
    endloop
  endfacet
  facet normal 0.000000 0.000000 0.000000
    outer loop
      vertex 0.306148 0.320000 -0.739104
      vertex -0.454400 0.320000 -0.640000
      vertex 0.454400 0.320000 -0.640000
    endloop
  endfacet
  facet normal 0.000000 0.000000 0.000000
    outer loop
      vertex 0.306148 0.110000 -0.739104
      vertex 0.306148 0.320000 -0.739104
      vertex 0.454400 0.320000 -0.640000
    endloop
  endfacet
  facet normal 0.000000 0.000000 0.000000
    outer loop
      vertex 0.306148 0.110000 -0.739104
      vertex 0.454400 0.320000 -0.640000
      vertex 0.454400 0.110000 -0.640000
    endloop
  endfacet
  facet normal 0.000000 0.000000 0.000000
    outer loop
      vertex -0.306148 0.320000 -0.739104
      vertex -0.306148 0.110000 -0.739104
      vertex -0.454400 0.110000 -0.640000
    endloop
  endfacet
  facet normal 0.000000 0.000000 0.000000
    outer loop
      vertex -0.306148 0.320000 -0.739104
      vertex -0.454400 0.110000 -0.640000
      vertex -0.454400 0.320000 -0.640000
    endloop
  endfacet
  facet normal 0.000000 0.000000 0.000000
    outer loop
      vertex 0.739104 0.320000 0.306148
      vertex 0.739104 0.320000 -0.306148
      vertex 0.640000 0.320000 -0.454400
    endloop
  endfacet
  facet normal 0.000000 0.000000 0.000000
    outer loop
      vertex 0.739104 0.320000 0.306148
      vertex 0.640000 0.320000 -0.454400
      vertex 0.640000 0.320000 0.454400
    endloop
  endfacet
  facet normal 0.000000 0.000000 0.000000
    outer loop
      vertex 0.739104 0.110000 0.306148
      vertex 0.739104 0.320000 0.306148
      vertex 0.640000 0.320000 0.454400
    endloop
  endfacet
  facet normal 0.000000 0.000000 0.000000
    outer loop
      vertex 0.739104 0.110000 0.306148
      vertex 0.640000 0.320000 0.454400
      vertex 0.640000 0.110000 0.454400
    endloop
  endfacet
  facet normal 0.000000 0.000000 0.000000
    outer loop
      vertex 0.739104 0.320000 -0.306148
      vertex 0.739104 0.110000 -0.306148
      vertex 0.640000 0.110000 -0.454400
    endloop
  endfacet
  facet normal 0.000000 0.000000 0.000000
    outer loop
      vertex 0.739104 0.320000 -0.306148
      vertex 0.640000 0.110000 -0.454400
      vertex 0.640000 0.320000 -0.454400
    endloop
  endfacet
  facet normal 0.000000 0.000000 0.000000
    outer loop
      vertex -0.306148 0.320000 0.739104
      vertex 0.306148 0.320000 0.739104
      vertex 0.454400 0.320000 0.640000
    endloop
  endfacet
  facet normal 0.000000 0.000000 0.000000
    outer loop
      vertex -0.306148 0.320000 0.739104
      vertex 0.454400 0.320000 0.640000
      vertex -0.454400 0.320000 0.640000
    endloop
  endfacet
  facet normal 0.000000 0.000000 0.000000
    outer loop
      vertex -0.306148 0.110000 0.739104
      vertex -0.306148 0.320000 0.739104
      vertex -0.454400 0.320000 0.640000
    endloop
  endfacet
  facet normal 0.000000 0.000000 0.000000
    outer loop
      vertex -0.306148 0.110000 0.739104
      vertex -0.454400 0.320000 0.640000
      vertex -0.454400 0.110000 0.640000
    endloop
  endfacet
  facet normal 0.000000 0.000000 0.000000
    outer loop
      vertex 0.306148 0.320000 0.739104
      vertex 0.306148 0.110000 0.739104
      vertex 0.454400 0.110000 0.640000
    endloop
  endfacet
  facet normal 0.000000 0.000000 0.000000
    outer loop
      vertex 0.306148 0.320000 0.739104
      vertex 0.454400 0.110000 0.640000
      vertex 0.454400 0.320000 0.640000
    endloop
  endfacet
  facet normal 0.000000 0.000000 0.000000
    outer loop
      vertex -0.739104 0.320000 -0.306148
      vertex -0.739104 0.320000 0.306148
      vertex -0.640000 0.320000 0.454400
    endloop
  endfacet
  facet normal 0.000000 0.000000 0.000000
    outer loop
      vertex -0.739104 0.320000 -0.306148
      vertex -0.640000 0.320000 0.454400
      vertex -0.640000 0.320000 -0.454400
    endloop
  endfacet
  facet normal 0.000000 0.000000 0.000000
    outer loop
      vertex -0.739104 0.110000 -0.306148
      vertex -0.739104 0.320000 -0.306148
      vertex -0.640000 0.320000 -0.454400
    endloop
  endfacet
  facet normal 0.000000 0.000000 0.000000
    outer loop
      vertex -0.739104 0.110000 -0.306148
      vertex -0.640000 0.320000 -0.454400
      vertex -0.640000 0.110000 -0.454400
    endloop
  endfacet
  facet normal 0.000000 0.000000 0.000000
    outer loop
      vertex -0.739104 0.320000 0.306148
      vertex -0.739104 0.110000 0.306148
      vertex -0.640000 0.110000 0.454400
    endloop
  endfacet
  facet normal 0.000000 0.000000 0.000000
    outer loop
      vertex -0.739104 0.320000 0.306148
      vertex -0.640000 0.110000 0.454400
      vertex -0.640000 0.320000 0.454400
    endloop
  endfacet
  facet normal 0.000000 0.000000 0.000000
    outer loop
      vertex 0.390344 -1.240000 0.942384
      vertex 0.401820 -1.520000 0.970104
      vertex 0.623780 -1.520000 0.821772
    endloop
  endfacet
  facet normal 0.000000 0.000000 0.000000
    outer loop
      vertex 0.390344 -1.240000 0.942384
      vertex 0.623780 -1.520000 0.821772
      vertex 0.619660 -1.346420 0.802584
    endloop
  endfacet
  facet normal 0.000000 0.000000 0.000000
    outer loop
      vertex 0.619660 -1.346420 0.802584
      vertex 0.722764 -1.260000 0.722764
      vertex 0.721248 -1.240000 0.721248
    endloop
  endfacet
  facet normal 0.000000 0.000000 0.000000
    outer loop
      vertex 0.619660 -1.346420 0.802584
      vertex 0.721248 -1.240000 0.721248
      vertex 0.390344 -1.240000 0.942384
    endloop
  endfacet
  facet normal 0.000000 0.000000 0.000000
    outer loop
      vertex 0.802584 -1.346420 0.619660
      vertex 0.821772 -1.520000 0.623780
      vertex 0.970104 -1.520000 0.401820
    endloop
  endfacet
  facet normal 0.000000 0.000000 0.000000
    outer loop
      vertex 0.802584 -1.346420 0.619660
      vertex 0.970104 -1.520000 0.401820
      vertex 0.942384 -1.240000 0.390344
    endloop
  endfacet
  facet normal 0.000000 0.000000 0.000000
    outer loop
      vertex 0.942384 -1.240000 0.390344
      vertex 0.721248 -1.240000 0.721248
      vertex 0.722764 -1.260000 0.722764
    endloop
  endfacet
  facet normal 0.000000 0.000000 0.000000
    outer loop
      vertex 0.942384 -1.240000 0.390344
      vertex 0.722764 -1.260000 0.722764
      vertex 0.802584 -1.346420 0.619660
    endloop
  endfacet
  facet normal 0.000000 0.000000 0.000000
    outer loop
      vertex -0.390344 -1.240000 -0.942384
      vertex -0.401820 -1.520000 -0.970104
      vertex -0.623780 -1.520000 -0.821772
    endloop
  endfacet
  facet normal 0.000000 0.000000 0.000000
    outer loop
      vertex -0.390344 -1.240000 -0.942384
      vertex -0.623780 -1.520000 -0.821772
      vertex -0.619660 -1.346420 -0.802584
    endloop
  endfacet
  facet normal 0.000000 0.000000 0.000000
    outer loop
      vertex -0.619660 -1.346420 -0.802584
      vertex -0.722764 -1.260000 -0.722764
      vertex -0.721248 -1.240000 -0.721248
    endloop
  endfacet
  facet normal 0.000000 0.000000 0.000000
    outer loop
      vertex -0.619660 -1.346420 -0.802584
      vertex -0.721248 -1.240000 -0.721248
      vertex -0.390344 -1.240000 -0.942384
    endloop
  endfacet
  facet normal 0.000000 0.000000 0.000000
    outer loop
      vertex -0.802584 -1.346420 -0.619660
      vertex -0.821772 -1.520000 -0.623780
      vertex -0.970104 -1.520000 -0.401820
    endloop
  endfacet
  facet normal 0.000000 0.000000 0.000000
    outer loop
      vertex -0.802584 -1.346420 -0.619660
      vertex -0.970104 -1.520000 -0.401820
      vertex -0.942384 -1.240000 -0.390344
    endloop
  endfacet
  facet normal 0.000000 0.000000 0.000000
    outer loop
      vertex -0.942384 -1.240000 -0.390344
      vertex -0.721248 -1.240000 -0.721248
      vertex -0.722764 -1.260000 -0.722764
    endloop
  endfacet
  facet normal 0.000000 0.000000 0.000000
    outer loop
      vertex -0.942384 -1.240000 -0.390344
      vertex -0.722764 -1.260000 -0.722764
      vertex -0.802584 -1.346420 -0.619660
    endloop
  endfacet
  facet normal 0.000000 0.000000 0.000000
    outer loop
      vertex 0.594432 -1.492388 0.648548
      vertex 0.629060 -1.500000 0.629060
      vertex 0.643468 -1.550000 0.643468
    endloop
  endfacet
  facet normal 0.000000 0.000000 0.000000
    outer loop
      vertex 0.594432 -1.492388 0.648548
      vertex 0.643468 -1.550000 0.643468
      vertex 0.348244 -1.550000 0.840752
    endloop
  endfacet
  facet normal 0.000000 0.000000 0.000000
    outer loop
      vertex 0.515484 -1.400000 0.656904
      vertex 0.348244 -1.550000 0.840752
      vertex 0.306148 -1.280000 0.739124
    endloop
  endfacet
  facet normal 0.000000 0.000000 0.000000
    outer loop
      vertex 0.515484 -1.400000 0.656904
      vertex 0.306148 -1.280000 0.739124
      vertex 0.510908 -1.361728 0.641568
    endloop
  endfacet
  facet normal 0.000000 0.000000 0.000000
    outer loop
      vertex 0.306148 -1.280000 0.739124
      vertex 0.565684 -1.280000 0.565684
      vertex 0.571448 -1.300000 0.571448
    endloop
  endfacet
  facet normal 0.000000 0.000000 0.000000
    outer loop
      vertex 0.306148 -1.280000 0.739124
      vertex 0.571448 -1.300000 0.571448
      vertex 0.541200 -1.307608 0.595320
    endloop
  endfacet
  facet normal 0.000000 0.000000 0.000000
    outer loop
      vertex 0.840752 -1.550000 0.348244
      vertex 0.643468 -1.550000 0.643468
      vertex 0.629060 -1.500000 0.629060
    endloop
  endfacet
  facet normal 0.000000 0.000000 0.000000
    outer loop
      vertex 0.840752 -1.550000 0.348244
      vertex 0.629060 -1.500000 0.629060
      vertex 0.648548 -1.492388 0.594432
    endloop
  endfacet
  facet normal 0.000000 0.000000 0.000000
    outer loop
      vertex 0.641568 -1.361728 0.510908
      vertex 0.739124 -1.280000 0.306148
      vertex 0.840752 -1.550000 0.348244
    endloop
  endfacet
  facet normal 0.000000 0.000000 0.000000
    outer loop
      vertex 0.641568 -1.361728 0.510908
      vertex 0.840752 -1.550000 0.348244
      vertex 0.656904 -1.400000 0.515484
    endloop
  endfacet
  facet normal 0.000000 0.000000 0.000000
    outer loop
      vertex 0.595320 -1.307608 0.541200
      vertex 0.571448 -1.300000 0.571448
      vertex 0.565684 -1.280000 0.565684
    endloop
  endfacet
  facet normal 0.000000 0.000000 0.000000
    outer loop
      vertex 0.595320 -1.307608 0.541200
      vertex 0.565684 -1.280000 0.565684
      vertex 0.739124 -1.280000 0.306148
    endloop
  endfacet
  facet normal 0.000000 0.000000 0.000000
    outer loop
      vertex -0.594432 -1.492388 -0.648548
      vertex -0.629060 -1.500000 -0.629060
      vertex -0.643468 -1.550000 -0.643468
    endloop
  endfacet
  facet normal 0.000000 0.000000 0.000000
    outer loop
      vertex -0.594432 -1.492388 -0.648548
      vertex -0.643468 -1.550000 -0.643468
      vertex -0.348244 -1.550000 -0.840752
    endloop
  endfacet
  facet normal 0.000000 0.000000 0.000000
    outer loop
      vertex -0.515484 -1.400000 -0.656904
      vertex -0.348244 -1.550000 -0.840752
      vertex -0.306148 -1.280000 -0.739124
    endloop
  endfacet
  facet normal 0.000000 0.000000 0.000000
    outer loop
      vertex -0.515484 -1.400000 -0.656904
      vertex -0.306148 -1.280000 -0.739124
      vertex -0.510908 -1.361728 -0.641568
    endloop
  endfacet
  facet normal 0.000000 0.000000 0.000000
    outer loop
      vertex -0.306148 -1.280000 -0.739124
      vertex -0.565684 -1.280000 -0.565684
      vertex -0.571448 -1.300000 -0.571448
    endloop
  endfacet
  facet normal 0.000000 0.000000 0.000000
    outer loop
      vertex -0.306148 -1.280000 -0.739124
      vertex -0.571448 -1.300000 -0.571448
      vertex -0.541200 -1.307608 -0.595320
    endloop
  endfacet
  facet normal 0.000000 0.000000 0.000000
    outer loop
      vertex -0.840752 -1.550000 -0.348244
      vertex -0.643468 -1.550000 -0.643468
      vertex -0.629060 -1.500000 -0.629060
    endloop
  endfacet
  facet normal 0.000000 0.000000 0.000000
    outer loop
      vertex -0.840752 -1.550000 -0.348244
      vertex -0.629060 -1.500000 -0.629060
      vertex -0.648548 -1.492388 -0.594432
    endloop
  endfacet
  facet normal 0.000000 0.000000 0.000000
    outer loop
      vertex -0.641568 -1.361728 -0.510908
      vertex -0.739124 -1.280000 -0.306148
      vertex -0.840752 -1.550000 -0.348244
    endloop
  endfacet
  facet normal 0.000000 0.000000 0.000000
    outer loop
      vertex -0.641568 -1.361728 -0.510908
      vertex -0.840752 -1.550000 -0.348244
      vertex -0.656904 -1.400000 -0.515484
    endloop
  endfacet
  facet normal 0.000000 0.000000 0.000000
    outer loop
      vertex -0.595320 -1.307608 -0.541200
      vertex -0.571448 -1.300000 -0.571448
      vertex -0.565684 -1.280000 -0.565684
    endloop
  endfacet
  facet normal 0.000000 0.000000 0.000000
    outer loop
      vertex -0.595320 -1.307608 -0.541200
      vertex -0.565684 -1.280000 -0.565684
      vertex -0.739124 -1.280000 -0.306148
    endloop
  endfacet
  facet normal 0.000000 0.000000 0.000000
    outer loop
      vertex 0.742464 -1.500000 0.742464
      vertex 0.657712 -1.500000 0.799092
      vertex 0.572964 -1.520000 0.855716
    endloop
  endfacet
  facet normal 0.000000 0.000000 0.000000
    outer loop
