solid MYSOLID created by LDView, original data in 48245c02.dat
  facet normal 0.000000 0.000000 0.000000
    outer loop
      vertex -0.560684 -1.470708 -0.660680
      vertex -0.594432 -1.492388 -0.648548
      vertex -0.348244 -1.550000 -0.840752
    endloop
  endfacet
  facet normal 0.000000 0.000000 0.000000
    outer loop
      vertex -0.532956 -1.438268 -0.663620
      vertex -0.560684 -1.470708 -0.660680
      vertex -0.348244 -1.550000 -0.840752
    endloop
  endfacet
  facet normal 0.000000 0.000000 0.000000
    outer loop
      vertex -0.515484 -1.400000 -0.656904
      vertex -0.532956 -1.438268 -0.663620
      vertex -0.348244 -1.550000 -0.840752
    endloop
  endfacet
  facet normal 0.000000 0.000000 0.000000
    outer loop
      vertex -0.306148 -1.280000 -0.739124
      vertex -0.519944 -1.329288 -0.619940
      vertex -0.510908 -1.361728 -0.641568
    endloop
  endfacet
  facet normal 0.000000 0.000000 0.000000
    outer loop
      vertex -0.519944 -1.329288 -0.619940
      vertex -0.306148 -1.280000 -0.739124
      vertex -0.541200 -1.307608 -0.595320
    endloop
  endfacet
  facet normal 0.000000 0.000000 0.000000
    outer loop
      vertex -0.840752 -1.550000 -0.348244
      vertex -0.648548 -1.492388 -0.594432
      vertex -0.660680 -1.470708 -0.560684
    endloop
  endfacet
  facet normal 0.000000 0.000000 0.000000
    outer loop
      vertex -0.840752 -1.550000 -0.348244
      vertex -0.660680 -1.470708 -0.560684
      vertex -0.663620 -1.438268 -0.532956
    endloop
  endfacet
  facet normal 0.000000 0.000000 0.000000
    outer loop
      vertex -0.840752 -1.550000 -0.348244
      vertex -0.663620 -1.438268 -0.532956
      vertex -0.656904 -1.400000 -0.515484
    endloop
  endfacet
  facet normal 0.000000 0.000000 0.000000
    outer loop
      vertex -0.641568 -1.361728 -0.510908
      vertex -0.619940 -1.329288 -0.519944
      vertex -0.739124 -1.280000 -0.306148
    endloop
  endfacet
  facet normal 0.000000 0.000000 0.000000
    outer loop
      vertex -0.595320 -1.307608 -0.541200
      vertex -0.739124 -1.280000 -0.306148
      vertex -0.619940 -1.329288 -0.519944
    endloop
  endfacet
  facet normal 0.000000 0.000000 0.000000
    outer loop
      vertex 0.560684 -1.470708 0.660680
      vertex 0.594432 -1.492388 0.648548
      vertex 0.348244 -1.550000 0.840752
    endloop
  endfacet
  facet normal 0.000000 0.000000 0.000000
    outer loop
      vertex 0.532956 -1.438268 0.663620
      vertex 0.560684 -1.470708 0.660680
      vertex 0.348244 -1.550000 0.840752
    endloop
  endfacet
  facet normal 0.000000 0.000000 0.000000
    outer loop
      vertex 0.515484 -1.400000 0.656904
      vertex 0.532956 -1.438268 0.663620
      vertex 0.348244 -1.550000 0.840752
    endloop
  endfacet
  facet normal 0.000000 0.000000 0.000000
    outer loop
      vertex 0.306148 -1.280000 0.739124
      vertex 0.519944 -1.329288 0.619940
      vertex 0.510908 -1.361728 0.641568
    endloop
  endfacet
  facet normal 0.000000 0.000000 0.000000
    outer loop
      vertex 0.519944 -1.329288 0.619940
      vertex 0.306148 -1.280000 0.739124
      vertex 0.541200 -1.307608 0.595320
    endloop
  endfacet
  facet normal 0.000000 0.000000 0.000000
    outer loop
      vertex 0.840752 -1.550000 0.348244
      vertex 0.648548 -1.492388 0.594432
      vertex 0.660680 -1.470708 0.560684
    endloop
  endfacet
  facet normal 0.000000 0.000000 0.000000
    outer loop
      vertex 0.840752 -1.550000 0.348244
      vertex 0.660680 -1.470708 0.560684
      vertex 0.663620 -1.438268 0.532956
    endloop
  endfacet
  facet normal 0.000000 0.000000 0.000000
    outer loop
      vertex 0.840752 -1.550000 0.348244
      vertex 0.663620 -1.438268 0.532956
      vertex 0.656904 -1.400000 0.515484
    endloop
  endfacet
  facet normal 0.000000 0.000000 0.000000
    outer loop
      vertex 0.641568 -1.361728 0.510908
      vertex 0.619940 -1.329288 0.519944
      vertex 0.739124 -1.280000 0.306148
    endloop
  endfacet
  facet normal 0.000000 0.000000 0.000000
    outer loop
      vertex 0.595320 -1.307608 0.541200
      vertex 0.739124 -1.280000 0.306148
      vertex 0.619940 -1.329288 0.519944
    endloop
  endfacet
  facet normal 0.000000 0.000000 0.000000
    outer loop
      vertex -0.572964 -1.520000 -0.855716
      vertex -0.657712 -1.500000 -0.799092
      vertex -0.657712 -1.400000 -0.799092
    endloop
  endfacet
  facet normal 0.000000 0.000000 0.000000
    outer loop
      vertex -0.572964 -1.520000 -0.855716
      vertex -0.657712 -1.400000 -0.799092
      vertex -0.572964 -1.400000 -0.855716
    endloop
  endfacet
  facet normal 0.000000 0.000000 0.000000
    outer loop
      vertex -0.799092 -1.400000 -0.657712
      vertex -0.799092 -1.500000 -0.657712
      vertex -0.855716 -1.520000 -0.572964
    endloop
  endfacet
  facet normal 0.000000 0.000000 0.000000
    outer loop
      vertex -0.855716 -1.400000 -0.572964
      vertex -0.799092 -1.400000 -0.657712
      vertex -0.855716 -1.520000 -0.572964
    endloop
  endfacet
  facet normal 0.000000 0.000000 0.000000
    outer loop
      vertex 0.572964 -1.520000 0.855716
      vertex 0.657712 -1.500000 0.799092
      vertex 0.657712 -1.400000 0.799092
    endloop
  endfacet
  facet normal 0.000000 0.000000 0.000000
    outer loop
      vertex 0.572964 -1.520000 0.855716
      vertex 0.657712 -1.400000 0.799092
      vertex 0.572964 -1.400000 0.855716
    endloop
  endfacet
  facet normal 0.000000 0.000000 0.000000
    outer loop
      vertex 0.799092 -1.400000 0.657712
      vertex 0.799092 -1.500000 0.657712
      vertex 0.855716 -1.520000 0.572964
    endloop
  endfacet
  facet normal 0.000000 0.000000 0.000000
    outer loop
      vertex 0.855716 -1.400000 0.572964
      vertex 0.799092 -1.400000 0.657712
      vertex 0.855716 -1.520000 0.572964
    endloop
  endfacet
  facet normal 0.000000 0.000000 0.000000
    outer loop
      vertex -0.000000 0.110000 0.320000
      vertex -0.122459 0.110000 0.295641
      vertex -0.320000 0.110000 0.320000
    endloop
  endfacet
  facet normal 0.000000 0.000000 0.000000
    outer loop
      vertex -0.122459 0.110000 0.295641
      vertex -0.226274 0.110000 0.226274
      vertex -0.320000 0.110000 0.320000
    endloop
  endfacet
  facet normal 0.000000 0.000000 0.000000
    outer loop
      vertex -0.226274 0.110000 0.226274
      vertex -0.295641 0.110000 0.122459
      vertex -0.320000 0.110000 0.320000
    endloop
  endfacet
  facet normal 0.000000 0.000000 0.000000
    outer loop
      vertex -0.295641 0.110000 0.122459
      vertex -0.320000 0.110000 -0.000000
      vertex -0.320000 0.110000 0.320000
    endloop
  endfacet
  facet normal 0.000000 0.000000 0.000000
    outer loop
      vertex 0.320000 0.110000 0.000000
      vertex 0.295641 0.110000 0.122459
      vertex 0.320000 0.110000 0.320000
    endloop
  endfacet
  facet normal 0.000000 0.000000 0.000000
    outer loop
      vertex 0.295641 0.110000 0.122459
      vertex 0.226274 0.110000 0.226274
      vertex 0.320000 0.110000 0.320000
    endloop
  endfacet
  facet normal 0.000000 0.000000 0.000000
    outer loop
      vertex 0.226274 0.110000 0.226274
      vertex 0.122459 0.110000 0.295641
      vertex 0.320000 0.110000 0.320000
    endloop
  endfacet
  facet normal 0.000000 0.000000 0.000000
    outer loop
      vertex 0.122459 0.110000 0.295641
      vertex -0.000000 0.110000 0.320000
      vertex 0.320000 0.110000 0.320000
    endloop
  endfacet
  facet normal 0.000000 0.000000 0.000000
    outer loop
      vertex 0.000000 0.110000 -0.320000
      vertex 0.122459 0.110000 -0.295641
      vertex 0.320000 0.110000 -0.320000
    endloop
  endfacet
  facet normal 0.000000 0.000000 0.000000
    outer loop
      vertex 0.122459 0.110000 -0.295641
      vertex 0.226274 0.110000 -0.226274
      vertex 0.320000 0.110000 -0.320000
    endloop
  endfacet
  facet normal 0.000000 0.000000 0.000000
    outer loop
      vertex 0.226274 0.110000 -0.226274
      vertex 0.295641 0.110000 -0.122459
      vertex 0.320000 0.110000 -0.320000
    endloop
  endfacet
  facet normal 0.000000 0.000000 0.000000
    outer loop
      vertex 0.295641 0.110000 -0.122459
      vertex 0.320000 0.110000 0.000000
      vertex 0.320000 0.110000 -0.320000
    endloop
  endfacet
  facet normal 0.000000 0.000000 0.000000
    outer loop
      vertex -0.320000 0.110000 0.000000
      vertex -0.295641 0.110000 -0.122459
      vertex -0.320000 0.110000 -0.320000
    endloop
  endfacet
  facet normal 0.000000 0.000000 0.000000
    outer loop
      vertex -0.295641 0.110000 -0.122459
      vertex -0.226274 0.110000 -0.226274
      vertex -0.320000 0.110000 -0.320000
    endloop
  endfacet
  facet normal 0.000000 0.000000 0.000000
    outer loop
      vertex -0.226274 0.110000 -0.226274
      vertex -0.122459 0.110000 -0.295641
      vertex -0.320000 0.110000 -0.320000
    endloop
  endfacet
  facet normal 0.000000 0.000000 0.000000
    outer loop
      vertex -0.122459 0.110000 -0.295641
      vertex 0.000000 0.110000 -0.320000
      vertex -0.320000 0.110000 -0.320000
    endloop
  endfacet
  facet normal 0.000000 0.000000 0.000000
    outer loop
      vertex -0.240000 0.110000 -0.000000
      vertex -0.221731 0.110000 0.091844
      vertex 0.000000 0.110000 0.000000
    endloop
  endfacet
  facet normal 0.000000 0.000000 0.000000
    outer loop
      vertex -0.221731 0.110000 0.091844
      vertex -0.169706 0.110000 0.169706
      vertex 0.000000 0.110000 0.000000
    endloop
  endfacet
  facet normal 0.000000 0.000000 0.000000
    outer loop
      vertex -0.169706 0.110000 0.169706
      vertex -0.091844 0.110000 0.221731
      vertex 0.000000 0.110000 0.000000
    endloop
  endfacet
  facet normal 0.000000 0.000000 0.000000
    outer loop
      vertex -0.091844 0.110000 0.221731
      vertex -0.000000 0.110000 0.240000
      vertex 0.000000 0.110000 0.000000
    endloop
  endfacet
  facet normal 0.000000 0.000000 0.000000
    outer loop
      vertex -0.000000 0.110000 0.240000
      vertex 0.091844 0.110000 0.221731
      vertex 0.000000 0.110000 0.000000
    endloop
  endfacet
  facet normal 0.000000 0.000000 0.000000
    outer loop
      vertex 0.091844 0.110000 0.221731
      vertex 0.169706 0.110000 0.169706
      vertex 0.000000 0.110000 0.000000
    endloop
  endfacet
  facet normal 0.000000 0.000000 0.000000
    outer loop
      vertex 0.169706 0.110000 0.169706
      vertex 0.221731 0.110000 0.091844
      vertex 0.000000 0.110000 0.000000
    endloop
  endfacet
  facet normal 0.000000 0.000000 0.000000
    outer loop
      vertex 0.221731 0.110000 0.091844
      vertex 0.240000 0.110000 0.000000
      vertex 0.000000 0.110000 0.000000
    endloop
  endfacet
  facet normal 0.000000 0.000000 0.000000
    outer loop
      vertex 0.240000 0.110000 0.000000
      vertex 0.221731 0.110000 -0.091844
      vertex 0.000000 0.110000 0.000000
    endloop
  endfacet
  facet normal 0.000000 0.000000 0.000000
    outer loop
      vertex 0.221731 0.110000 -0.091844
      vertex 0.169706 0.110000 -0.169706
      vertex 0.000000 0.110000 0.000000
    endloop
  endfacet
  facet normal 0.000000 0.000000 0.000000
    outer loop
      vertex 0.169706 0.110000 -0.169706
      vertex 0.091844 0.110000 -0.221731
      vertex 0.000000 0.110000 0.000000
    endloop
  endfacet
  facet normal 0.000000 0.000000 0.000000
    outer loop
      vertex 0.091844 0.110000 -0.221731
      vertex 0.000000 0.110000 -0.240000
      vertex 0.000000 0.110000 0.000000
    endloop
  endfacet
  facet normal 0.000000 0.000000 0.000000
    outer loop
      vertex 0.000000 0.110000 -0.240000
      vertex -0.091844 0.110000 -0.221731
      vertex 0.000000 0.110000 0.000000
    endloop
  endfacet
  facet normal 0.000000 0.000000 0.000000
    outer loop
      vertex -0.091844 0.110000 -0.221731
      vertex -0.169706 0.110000 -0.169706
      vertex 0.000000 0.110000 0.000000
    endloop
  endfacet
  facet normal 0.000000 0.000000 0.000000
    outer loop
      vertex -0.169706 0.110000 -0.169706
      vertex -0.221731 0.110000 -0.091844
      vertex 0.000000 0.110000 0.000000
    endloop
  endfacet
  facet normal 0.000000 0.000000 0.000000
    outer loop
      vertex -0.221731 0.110000 -0.091844
      vertex -0.240000 0.110000 0.000000
      vertex 0.000000 0.110000 0.000000
    endloop
  endfacet
  facet normal 0.000000 0.000000 0.000000
    outer loop
      vertex -0.306146 0.320000 0.739105
      vertex 0.000001 0.320000 0.800001
      vertex 0.306148 0.320000 0.739104
    endloop
  endfacet
  facet normal 0.000000 0.000000 0.000000
    outer loop
      vertex -0.739105 0.320000 -0.306146
      vertex -0.800001 0.320000 0.000001
      vertex -0.739104 0.320000 0.306148
    endloop
  endfacet
  facet normal 0.000000 0.000000 0.000000
    outer loop
      vertex 0.306146 0.320000 -0.739105
      vertex -0.000001 0.320000 -0.800001
      vertex -0.306148 0.320000 -0.739104
    endloop
  endfacet
  facet normal 0.000000 0.000000 0.000000
    outer loop
      vertex 0.739105 0.320000 0.306146
      vertex 0.800001 0.320000 -0.000001
      vertex 0.739104 0.320000 -0.306148
    endloop
  endfacet
  facet normal 0.000000 0.000000 0.000000
    outer loop
      vertex 0.000000 0.000000 0.000000
      vertex -0.640000 0.000000 0.000000
      vertex -0.591283 0.000000 -0.244917
    endloop
  endfacet
  facet normal 0.000000 0.000000 0.000000
    outer loop
      vertex 0.000000 0.000000 0.000000
      vertex -0.591283 0.000000 -0.244917
      vertex -0.452548 0.000000 -0.452548
    endloop
  endfacet
  facet normal 0.000000 0.000000 0.000000
    outer loop
      vertex 0.000000 0.000000 0.000000
      vertex -0.452548 0.000000 -0.452548
      vertex -0.244917 0.000000 -0.591283
    endloop
  endfacet
  facet normal 0.000000 0.000000 0.000000
    outer loop
      vertex 0.000000 0.000000 0.000000
      vertex -0.244917 0.000000 -0.591283
      vertex 0.000000 0.000000 -0.640000
    endloop
  endfacet
  facet normal 0.000000 0.000000 0.000000
    outer loop
      vertex 0.000000 0.000000 0.000000
      vertex 0.000000 0.000000 -0.640000
      vertex 0.244917 0.000000 -0.591283
    endloop
  endfacet
  facet normal 0.000000 0.000000 0.000000
    outer loop
      vertex 0.000000 0.000000 0.000000
      vertex 0.244917 0.000000 -0.591283
      vertex 0.452548 0.000000 -0.452548
    endloop
  endfacet
  facet normal 0.000000 0.000000 0.000000
    outer loop
      vertex 0.000000 0.000000 0.000000
      vertex 0.452548 0.000000 -0.452548
      vertex 0.591283 0.000000 -0.244917
    endloop
  endfacet
  facet normal 0.000000 0.000000 0.000000
    outer loop
      vertex 0.000000 0.000000 0.000000
      vertex 0.591283 0.000000 -0.244917
      vertex 0.640000 0.000000 0.000000
    endloop
  endfacet
  facet normal 0.000000 0.000000 0.000000
    outer loop
      vertex 0.000000 0.000000 0.000000
      vertex 0.640000 0.000000 0.000000
      vertex 0.591283 0.000000 0.244917
    endloop
  endfacet
  facet normal 0.000000 0.000000 0.000000
    outer loop
      vertex 0.000000 0.000000 0.000000
      vertex 0.591283 0.000000 0.244917
      vertex 0.452548 0.000000 0.452548
    endloop
  endfacet
  facet normal 0.000000 0.000000 0.000000
    outer loop
      vertex 0.000000 0.000000 0.000000
      vertex 0.452548 0.000000 0.452548
      vertex 0.244917 0.000000 0.591283
    endloop
  endfacet
  facet normal 0.000000 0.000000 0.000000
    outer loop
      vertex 0.000000 0.000000 0.000000
      vertex 0.244917 0.000000 0.591283
      vertex -0.000000 0.000000 0.640000
    endloop
  endfacet
  facet normal 0.000000 0.000000 0.000000
    outer loop
      vertex 0.000000 0.000000 0.000000
      vertex -0.000000 0.000000 0.640000
      vertex -0.244918 0.000000 0.591283
    endloop
  endfacet
  facet normal 0.000000 0.000000 0.000000
    outer loop
      vertex 0.000000 0.000000 0.000000
      vertex -0.244918 0.000000 0.591283
      vertex -0.452548 0.000000 0.452548
    endloop
  endfacet
  facet normal 0.000000 0.000000 0.000000
    outer loop
      vertex 0.000000 0.000000 0.000000
      vertex -0.452548 0.000000 0.452548
      vertex -0.591283 0.000000 0.244917
    endloop
  endfacet
  facet normal 0.000000 0.000000 0.000000
    outer loop
      vertex 0.000000 0.000000 0.000000
      vertex -0.591283 0.000000 0.244917
      vertex -0.640000 0.000000 -0.000000
    endloop
  endfacet
  facet normal 0.000000 0.000000 0.000000
    outer loop
      vertex -0.657716 -1.500000 -0.799092
      vertex -0.742464 -1.500000 -0.742464
      vertex -0.710032 -1.492388 -0.764135
    endloop
  endfacet
  facet normal 0.000000 0.000000 0.000000
    outer loop
      vertex -0.657716 -1.500000 -0.799092
      vertex -0.710032 -1.492388 -0.764135
      vertex -0.682538 -1.470711 -0.782506
    endloop
  endfacet
  facet normal 0.000000 0.000000 0.000000
    outer loop
      vertex -0.657716 -1.500000 -0.799092
      vertex -0.682538 -1.470711 -0.782506
      vertex -0.664167 -1.438268 -0.794781
    endloop
  endfacet
  facet normal 0.000000 0.000000 0.000000
    outer loop
      vertex -0.657716 -1.500000 -0.799092
      vertex -0.664167 -1.438268 -0.794781
      vertex -0.657716 -1.400000 -0.799092
    endloop
  endfacet
  facet normal 0.000000 0.000000 0.000000
    outer loop
      vertex -0.799092 -1.400000 -0.657716
      vertex -0.794781 -1.438268 -0.664167
      vertex -0.799092 -1.500000 -0.657716
    endloop
  endfacet
  facet normal 0.000000 0.000000 0.000000
    outer loop
      vertex -0.794781 -1.438268 -0.664167
      vertex -0.782506 -1.470711 -0.682538
      vertex -0.799092 -1.500000 -0.657716
    endloop
  endfacet
  facet normal 0.000000 0.000000 0.000000
    outer loop
      vertex -0.782506 -1.470711 -0.682538
      vertex -0.764135 -1.492388 -0.710032
      vertex -0.799092 -1.500000 -0.657716
    endloop
  endfacet
  facet normal 0.000000 0.000000 0.000000
    outer loop
      vertex -0.764135 -1.492388 -0.710032
      vertex -0.742464 -1.500000 -0.742464
      vertex -0.799092 -1.500000 -0.657716
    endloop
  endfacet
  facet normal 0.000000 0.000000 0.000000
    outer loop
      vertex 0.657716 -1.500000 0.799092
      vertex 0.742464 -1.500000 0.742464
      vertex 0.710032 -1.492388 0.764135
    endloop
  endfacet
  facet normal 0.000000 0.000000 0.000000
    outer loop
      vertex 0.657716 -1.500000 0.799092
      vertex 0.710032 -1.492388 0.764135
      vertex 0.682538 -1.470711 0.782506
    endloop
  endfacet
  facet normal 0.000000 0.000000 0.000000
    outer loop
      vertex 0.657716 -1.500000 0.799092
      vertex 0.682538 -1.470711 0.782506
      vertex 0.664167 -1.438268 0.794781
    endloop
  endfacet
  facet normal 0.000000 0.000000 0.000000
    outer loop
      vertex 0.657716 -1.500000 0.799092
      vertex 0.664167 -1.438268 0.794781
      vertex 0.657716 -1.400000 0.799092
    endloop
  endfacet
  facet normal 0.000000 0.000000 0.000000
    outer loop
      vertex 0.799092 -1.400000 0.657716
      vertex 0.794781 -1.438268 0.664167
      vertex 0.799092 -1.500000 0.657716
    endloop
  endfacet
  facet normal 0.000000 0.000000 0.000000
    outer loop
      vertex 0.794781 -1.438268 0.664167
      vertex 0.782506 -1.470711 0.682538
      vertex 0.799092 -1.500000 0.657716
    endloop
  endfacet
  facet normal 0.000000 0.000000 0.000000
    outer loop
      vertex 0.782506 -1.470711 0.682538
      vertex 0.764135 -1.492388 0.710032
      vertex 0.799092 -1.500000 0.657716
    endloop
  endfacet
  facet normal 0.000000 0.000000 0.000000
    outer loop
      vertex 0.764135 -1.492388 0.710032
      vertex 0.742464 -1.500000 0.742464
      vertex 0.799092 -1.500000 0.657716
    endloop
  endfacet
  facet normal 0.000000 0.000000 0.000000
    outer loop
      vertex 1.007965 -0.685375 -0.442285
      vertex 0.943277 -0.554095 -0.377597
      vertex 0.912682 -0.599093 -0.347002
    endloop
  endfacet
  facet normal 0.000000 0.000000 0.000000
    outer loop
      vertex 1.007965 -0.685375 -0.442285
      vertex 0.912682 -0.599093 -0.347002
      vertex 0.896593 -0.657227 -0.330913
    endloop
  endfacet
  facet normal 0.000000 0.000000 0.000000
    outer loop
      vertex 1.007965 -0.685375 -0.442285
      vertex 0.896593 -0.657227 -0.330913
      vertex 0.897459 -0.719645 -0.331779
    endloop
  endfacet
  facet normal 0.000000 0.000000 0.000000
    outer loop
      vertex 1.007965 -0.685375 -0.442285
      vertex 0.897459 -0.719645 -0.331779
      vertex 0.915149 -0.776847 -0.349469
    endloop
  endfacet
  facet normal 0.000000 0.000000 0.000000
    outer loop
      vertex 1.007965 -0.685375 -0.442285
      vertex 0.915149 -0.776847 -0.349469
      vertex 0.946969 -0.820123 -0.381289
    endloop
  endfacet
  facet normal 0.000000 0.000000 0.000000
    outer loop
      vertex 1.007965 -0.685375 -0.442285
      vertex 0.946969 -0.820123 -0.381289
      vertex 0.988075 -0.842885 -0.422396
    endloop
  endfacet
  facet normal 0.000000 0.000000 0.000000
    outer loop
      vertex 1.007965 -0.685375 -0.442285
      vertex 0.988075 -0.842885 -0.422396
      vertex 1.032210 -0.841667 -0.466530
    endloop
  endfacet
  facet normal 0.000000 0.000000 0.000000
    outer loop
      vertex 1.007965 -0.685375 -0.442285
      vertex 1.032210 -0.841667 -0.466530
      vertex 1.072653 -0.816655 -0.506973
    endloop
  endfacet
  facet normal 0.000000 0.000000 0.000000
    outer loop
      vertex 1.007965 -0.685375 -0.442285
      vertex 1.072653 -0.816655 -0.506973
      vertex 1.103248 -0.771657 -0.537568
    endloop
  endfacet
  facet normal 0.000000 0.000000 0.000000
    outer loop
      vertex 1.007965 -0.685375 -0.442285
      vertex 1.103248 -0.771657 -0.537568
      vertex 1.119337 -0.713524 -0.553657
    endloop
  endfacet
  facet normal 0.000000 0.000000 0.000000
    outer loop
      vertex 1.007965 -0.685375 -0.442285
      vertex 1.119337 -0.713524 -0.553657
      vertex 1.118471 -0.651105 -0.552791
    endloop
  endfacet
  facet normal 0.000000 0.000000 0.000000
    outer loop
      vertex 1.007965 -0.685375 -0.442285
      vertex 1.118471 -0.651105 -0.552791
      vertex 1.100781 -0.593903 -0.535101
    endloop
  endfacet
  facet normal 0.000000 0.000000 0.000000
    outer loop
      vertex 1.007965 -0.685375 -0.442285
      vertex 1.100781 -0.593903 -0.535101
      vertex 1.068961 -0.550627 -0.503281
    endloop
  endfacet
  facet normal 0.000000 0.000000 0.000000
    outer loop
      vertex 1.007965 -0.685375 -0.442285
      vertex 1.068961 -0.550627 -0.503281
      vertex 1.027854 -0.527866 -0.462174
    endloop
  endfacet
  facet normal 0.000000 0.000000 0.000000
    outer loop
      vertex 1.007965 -0.685375 -0.442285
      vertex 1.027854 -0.527866 -0.462174
      vertex 0.983720 -0.529083 -0.418040
    endloop
  endfacet
  facet normal 0.000000 0.000000 0.000000
    outer loop
      vertex 1.007965 -0.685375 -0.442285
      vertex 0.983720 -0.529083 -0.418040
      vertex 0.943277 -0.554095 -0.377597
    endloop
  endfacet
  facet normal 0.000000 0.000000 0.000000
    outer loop
      vertex 0.377597 -0.554095 -0.943277
      vertex 0.418040 -0.529083 -0.983720
      vertex 0.442285 -0.685375 -1.007965
    endloop
  endfacet
  facet normal 0.000000 0.000000 0.000000
    outer loop
      vertex 0.418040 -0.529083 -0.983720
      vertex 0.462174 -0.527866 -1.027854
      vertex 0.442285 -0.685375 -1.007965
    endloop
  endfacet
  facet normal 0.000000 0.000000 0.000000
    outer loop
      vertex 0.462174 -0.527866 -1.027854
      vertex 0.503281 -0.550627 -1.068961
      vertex 0.442285 -0.685375 -1.007965
    endloop
  endfacet
  facet normal 0.000000 0.000000 0.000000
    outer loop
      vertex 0.503281 -0.550627 -1.068961
      vertex 0.535101 -0.593903 -1.100781
      vertex 0.442285 -0.685375 -1.007965
    endloop
  endfacet
  facet normal 0.000000 0.000000 0.000000
    outer loop
      vertex 0.535101 -0.593903 -1.100781
      vertex 0.552791 -0.651105 -1.118471
      vertex 0.442285 -0.685375 -1.007965
    endloop
  endfacet
  facet normal 0.000000 0.000000 0.000000
    outer loop
      vertex 0.552791 -0.651105 -1.118471
      vertex 0.553657 -0.713524 -1.119337
      vertex 0.442285 -0.685375 -1.007965
    endloop
  endfacet
  facet normal 0.000000 0.000000 0.000000
    outer loop
      vertex 0.553657 -0.713524 -1.119337
      vertex 0.537568 -0.771657 -1.103248
      vertex 0.442285 -0.685375 -1.007965
    endloop
  endfacet
  facet normal 0.000000 0.000000 0.000000
    outer loop
      vertex 0.537568 -0.771657 -1.103248
      vertex 0.506973 -0.816655 -1.072653
      vertex 0.442285 -0.685375 -1.007965
    endloop
  endfacet
  facet normal 0.000000 0.000000 0.000000
    outer loop
      vertex 0.506973 -0.816655 -1.072653
      vertex 0.466530 -0.841667 -1.032210
      vertex 0.442285 -0.685375 -1.007965
    endloop
  endfacet
  facet normal 0.000000 0.000000 0.000000
    outer loop
      vertex 0.466530 -0.841667 -1.032210
      vertex 0.422396 -0.842885 -0.988075
      vertex 0.442285 -0.685375 -1.007965
    endloop
  endfacet
  facet normal 0.000000 0.000000 0.000000
    outer loop
      vertex 0.422396 -0.842885 -0.988075
      vertex 0.381289 -0.820123 -0.946969
      vertex 0.442285 -0.685375 -1.007965
    endloop
  endfacet
  facet normal 0.000000 0.000000 0.000000
    outer loop
      vertex 0.381289 -0.820123 -0.946969
      vertex 0.349469 -0.776847 -0.915149
      vertex 0.442285 -0.685375 -1.007965
    endloop
  endfacet
  facet normal 0.000000 0.000000 0.000000
    outer loop
      vertex 0.349469 -0.776847 -0.915149
      vertex 0.331779 -0.719645 -0.897459
      vertex 0.442285 -0.685375 -1.007965
    endloop
  endfacet
  facet normal 0.000000 0.000000 0.000000
    outer loop
      vertex 0.331779 -0.719645 -0.897459
      vertex 0.330913 -0.657227 -0.896593
      vertex 0.442285 -0.685375 -1.007965
    endloop
  endfacet
  facet normal 0.000000 0.000000 0.000000
    outer loop
      vertex 0.330913 -0.657227 -0.896593
      vertex 0.347002 -0.599093 -0.912682
      vertex 0.442285 -0.685375 -1.007965
    endloop
  endfacet
  facet normal 0.000000 0.000000 0.000000
    outer loop
      vertex 0.347002 -0.599093 -0.912682
      vertex 0.377597 -0.554095 -0.943277
      vertex 0.442285 -0.685375 -1.007965
    endloop
  endfacet
  facet normal 0.000000 0.000000 0.000000
    outer loop
      vertex 0.558609 -1.400000 0.558609
      vertex 0.599039 -1.482050 0.518179
      vertex 0.573762 -1.497682 0.543456
    endloop
  endfacet
  facet normal 0.000000 0.000000 0.000000
    outer loop
      vertex 0.558609 -1.400000 0.558609
      vertex 0.573762 -1.497682 0.543456
      vertex 0.546178 -1.498443 0.571040
    endloop
  endfacet
  facet normal 0.000000 0.000000 0.000000
    outer loop
      vertex 0.558609 -1.400000 0.558609
      vertex 0.546178 -1.498443 0.571040
      vertex 0.520487 -1.484217 0.596731
    endloop
  endfacet
  facet normal 0.000000 0.000000 0.000000
    outer loop
      vertex 0.558609 -1.400000 0.558609
      vertex 0.520487 -1.484217 0.596731
      vertex 0.500599 -1.457170 0.616619
    endloop
  endfacet
  facet normal 0.000000 0.000000 0.000000
    outer loop
      vertex 0.558609 -1.400000 0.558609
      vertex 0.500599 -1.457170 0.616619
      vertex 0.489543 -1.421419 0.627675
    endloop
  endfacet
  facet normal 0.000000 0.000000 0.000000
    outer loop
      vertex 0.558609 -1.400000 0.558609
      vertex 0.489543 -1.421419 0.627675
      vertex 0.489001 -1.382407 0.628217
    endloop
  endfacet
  facet normal 0.000000 0.000000 0.000000
    outer loop
      vertex 0.558609 -1.400000 0.558609
      vertex 0.489001 -1.382407 0.628217
      vertex 0.499057 -1.346074 0.618161
    endloop
  endfacet
  facet normal 0.000000 0.000000 0.000000
    outer loop
      vertex 0.558609 -1.400000 0.558609
      vertex 0.499057 -1.346074 0.618161
      vertex 0.518179 -1.317950 0.599039
    endloop
  endfacet
  facet normal 0.000000 0.000000 0.000000
    outer loop
      vertex 0.558609 -1.400000 0.558609
      vertex 0.518179 -1.317950 0.599039
      vertex 0.543456 -1.302318 0.573762
    endloop
  endfacet
  facet normal 0.000000 0.000000 0.000000
    outer loop
      vertex 0.558609 -1.400000 0.558609
      vertex 0.543456 -1.302318 0.573762
      vertex 0.571040 -1.301557 0.546178
    endloop
  endfacet
  facet normal 0.000000 0.000000 0.000000
    outer loop
      vertex 0.558609 -1.400000 0.558609
      vertex 0.571040 -1.301557 0.546178
      vertex 0.596731 -1.315783 0.520487
    endloop
  endfacet
  facet normal 0.000000 0.000000 0.000000
    outer loop
      vertex 0.558609 -1.400000 0.558609
      vertex 0.596731 -1.315783 0.520487
      vertex 0.616619 -1.342830 0.500599
    endloop
  endfacet
  facet normal 0.000000 0.000000 0.000000
    outer loop
      vertex 0.558609 -1.400000 0.558609
      vertex 0.616619 -1.342830 0.500599
      vertex 0.627675 -1.378581 0.489543
    endloop
  endfacet
  facet normal 0.000000 0.000000 0.000000
    outer loop
      vertex 0.558609 -1.400000 0.558609
      vertex 0.627675 -1.378581 0.489543
      vertex 0.628217 -1.417593 0.489001
    endloop
  endfacet
  facet normal 0.000000 0.000000 0.000000
    outer loop
      vertex 0.558609 -1.400000 0.558609
      vertex 0.628217 -1.417593 0.489001
      vertex 0.618161 -1.453926 0.499057
    endloop
  endfacet
  facet normal 0.000000 0.000000 0.000000
    outer loop
      vertex 0.558609 -1.400000 0.558609
      vertex 0.618161 -1.453926 0.499057
      vertex 0.599039 -1.482050 0.518179
    endloop
  endfacet
  facet normal 0.000000 0.000000 0.000000
    outer loop
      vertex 0.779806 -1.317950 0.860666
      vertex 0.760684 -1.346074 0.879788
      vertex 0.809943 -1.324196 0.884648
    endloop
  endfacet
  facet normal 0.000000 0.000000 0.000000
    outer loop
      vertex 0.760684 -1.346074 0.879788
      vertex 0.794135 -1.360823 0.908465
      vertex 0.809943 -1.324196 0.884648
    endloop
  endfacet
  facet normal 0.000000 0.000000 0.000000
    outer loop
      vertex 0.809943 -1.324196 0.884648
      vertex 0.794135 -1.360823 0.908465
      vertex 0.841647 -1.341982 0.898824
    endloop
  endfacet
  facet normal 0.000000 0.000000 0.000000
    outer loop
      vertex 0.794135 -1.360823 0.908465
      vertex 0.832396 -1.389070 0.918890
      vertex 0.841647 -1.341982 0.898824
    endloop
  endfacet
  facet normal 0.000000 0.000000 0.000000
    outer loop
      vertex 0.841647 -1.341982 0.898824
      vertex 0.832396 -1.389070 0.918890
      vertex 0.870092 -1.368601 0.901035
    endloop
  endfacet
  facet normal 0.000000 0.000000 0.000000
    outer loop
      vertex 0.832396 -1.389070 0.918890
      vertex 0.863364 -1.421878 0.907763
      vertex 0.870092 -1.368601 0.901035
    endloop
  endfacet
  facet normal 0.000000 0.000000 0.000000
    outer loop
      vertex 0.870092 -1.368601 0.901035
      vertex 0.863364 -1.421878 0.907763
      vertex 0.890946 -1.400000 0.890946
    endloop
  endfacet
  facet normal 0.000000 0.000000 0.000000
    outer loop
      vertex 0.760684 -1.346074 0.879788
      vertex 0.750628 -1.382407 0.889844
      vertex 0.794135 -1.360823 0.908465
    endloop
  endfacet
  facet normal 0.000000 0.000000 0.000000
    outer loop
      vertex 0.750628 -1.382407 0.889844
      vertex 0.788083 -1.408751 0.914517
      vertex 0.794135 -1.360823 0.908465
    endloop
  endfacet
  facet normal 0.000000 0.000000 0.000000
    outer loop
      vertex 0.794135 -1.360823 0.908465
      vertex 0.788083 -1.408751 0.914517
      vertex 0.832396 -1.389070 0.918890
    endloop
  endfacet
  facet normal 0.000000 0.000000 0.000000
    outer loop
      vertex 0.788083 -1.408751 0.914517
      vertex 0.829216 -1.440425 0.911255
      vertex 0.832396 -1.389070 0.918890
    endloop
  endfacet
  facet normal 0.000000 0.000000 0.000000
    outer loop
      vertex 0.832396 -1.389070 0.918890
      vertex 0.829216 -1.440425 0.911255
      vertex 0.863364 -1.421878 0.907763
    endloop
  endfacet
  facet normal 0.000000 0.000000 0.000000
    outer loop
      vertex 0.750628 -1.382407 0.889844
      vertex 0.751170 -1.421419 0.889302
      vertex 0.788083 -1.408751 0.914517
    endloop
  endfacet
  facet normal 0.000000 0.000000 0.000000
    outer loop
      vertex 0.751170 -1.421419 0.889302
      vertex 0.793701 -1.452818 0.900890
      vertex 0.788083 -1.408751 0.914517
    endloop
  endfacet
  facet normal 0.000000 0.000000 0.000000
    outer loop
      vertex 0.788083 -1.408751 0.914517
      vertex 0.793701 -1.452818 0.900890
      vertex 0.829216 -1.440425 0.911255
    endloop
  endfacet
  facet normal 0.000000 0.000000 0.000000
    outer loop
      vertex 0.751170 -1.421419 0.889302
      vertex 0.762226 -1.457170 0.878246
      vertex 0.793701 -1.452818 0.900890
    endloop
  endfacet
  facet normal 0.000000 0.000000 0.000000
    outer loop
      vertex 0.793701 -1.452818 0.900890
      vertex 0.762226 -1.457170 0.878246
      vertex 0.782114 -1.484217 0.858358
    endloop
  endfacet
  facet normal 0.000000 0.000000 0.000000
    outer loop
      vertex 0.829216 -1.440425 0.911255
      vertex 0.793701 -1.452818 0.900890
      vertex 0.823607 -1.480843 0.878994
    endloop
  endfacet
  facet normal 0.000000 0.000000 0.000000
    outer loop
      vertex 0.823607 -1.480843 0.878994
      vertex 0.793701 -1.452818 0.900890
      vertex 0.782114 -1.484217 0.858358
    endloop
  endfacet
  facet normal 0.000000 0.000000 0.000000
    outer loop
      vertex 0.823607 -1.480843 0.878994
      vertex 0.782114 -1.484217 0.858358
      vertex 0.807805 -1.498443 0.832667
    endloop
  endfacet
  facet normal 0.000000 0.000000 0.000000
    outer loop
      vertex 0.863364 -1.421878 0.907763
      vertex 0.829216 -1.440425 0.911255
      vertex 0.867920 -1.461162 0.883366
    endloop
  endfacet
  facet normal 0.000000 0.000000 0.000000
    outer loop
      vertex 0.867920 -1.461162 0.883366
      vertex 0.829216 -1.440425 0.911255
      vertex 0.823607 -1.480843 0.878994
    endloop
  endfacet
  facet normal 0.000000 0.000000 0.000000
    outer loop
      vertex 0.867920 -1.461162 0.883366
      vertex 0.823607 -1.480843 0.878994
      vertex 0.857495 -1.489409 0.845105
    endloop
  endfacet
  facet normal 0.000000 0.000000 0.000000
    outer loop
      vertex 0.857495 -1.489409 0.845105
      vertex 0.823607 -1.480843 0.878994
      vertex 0.807805 -1.498443 0.832667
    endloop
  endfacet
  facet normal 0.000000 0.000000 0.000000
    outer loop
      vertex 0.857495 -1.489409 0.845105
      vertex 0.807805 -1.498443 0.832667
      vertex 0.835389 -1.497682 0.805083
    endloop
  endfacet
  facet normal 0.000000 0.000000 0.000000
    outer loop
      vertex 0.890946 -1.400000 0.890946
      vertex 0.863364 -1.421878 0.907763
      vertex 0.901035 -1.431399 0.870092
    endloop
  endfacet
  facet normal 0.000000 0.000000 0.000000
    outer loop
      vertex 0.901035 -1.431399 0.870092
      vertex 0.863364 -1.421878 0.907763
      vertex 0.867920 -1.461162 0.883366
    endloop
  endfacet
  facet normal 0.000000 0.000000 0.000000
    outer loop
      vertex 0.901035 -1.431399 0.870092
      vertex 0.867920 -1.461162 0.883366
      vertex 0.898824 -1.458018 0.841647
    endloop
  endfacet
  facet normal 0.000000 0.000000 0.000000
    outer loop
      vertex 0.898824 -1.458018 0.841647
      vertex 0.867920 -1.461162 0.883366
      vertex 0.857495 -1.489409 0.845105
    endloop
  endfacet
  facet normal 0.000000 0.000000 0.000000
    outer loop
      vertex 0.898824 -1.458018 0.841647
      vertex 0.857495 -1.489409 0.845105
      vertex 0.884648 -1.475804 0.809943
    endloop
  endfacet
  facet normal 0.000000 0.000000 0.000000
    outer loop
      vertex 0.884648 -1.475804 0.809943
      vertex 0.857495 -1.489409 0.845105
      vertex 0.835389 -1.497682 0.805083
    endloop
  endfacet
  facet normal 0.000000 0.000000 0.000000
    outer loop
      vertex 0.884648 -1.475804 0.809943
      vertex 0.835389 -1.497682 0.805083
      vertex 0.860666 -1.482050 0.779806
    endloop
  endfacet
  facet normal 0.000000 0.000000 0.000000
    outer loop
      vertex -0.558609 -1.400000 -0.558609
      vertex -0.599039 -1.317950 -0.518179
      vertex -0.618161 -1.346074 -0.499057
    endloop
  endfacet
  facet normal 0.000000 0.000000 0.000000
    outer loop
      vertex -0.558609 -1.400000 -0.558609
      vertex -0.618161 -1.346074 -0.499057
      vertex -0.628217 -1.382407 -0.489001
    endloop
  endfacet
  facet normal 0.000000 0.000000 0.000000
    outer loop
      vertex -0.558609 -1.400000 -0.558609
      vertex -0.628217 -1.382407 -0.489001
      vertex -0.627675 -1.421419 -0.489543
    endloop
  endfacet
  facet normal 0.000000 0.000000 0.000000
    outer loop
      vertex -0.558609 -1.400000 -0.558609
      vertex -0.627675 -1.421419 -0.489543
      vertex -0.616619 -1.457170 -0.500599
    endloop
  endfacet
  facet normal 0.000000 0.000000 0.000000
    outer loop
      vertex -0.558609 -1.400000 -0.558609
      vertex -0.616619 -1.457170 -0.500599
      vertex -0.596731 -1.484217 -0.520487
    endloop
  endfacet
  facet normal 0.000000 0.000000 0.000000
    outer loop
      vertex -0.558609 -1.400000 -0.558609
      vertex -0.596731 -1.484217 -0.520487
      vertex -0.571040 -1.498443 -0.546178
    endloop
  endfacet
  facet normal 0.000000 0.000000 0.000000
    outer loop
      vertex -0.558609 -1.400000 -0.558609
      vertex -0.571040 -1.498443 -0.546178
      vertex -0.543456 -1.497682 -0.573762
    endloop
  endfacet
  facet normal 0.000000 0.000000 0.000000
    outer loop
      vertex -0.558609 -1.400000 -0.558609
      vertex -0.543456 -1.497682 -0.573762
      vertex -0.518179 -1.482050 -0.599039
    endloop
  endfacet
  facet normal 0.000000 0.000000 0.000000
    outer loop
      vertex -0.558609 -1.400000 -0.558609
      vertex -0.518179 -1.482050 -0.599039
      vertex -0.499057 -1.453926 -0.618161
    endloop
  endfacet
  facet normal 0.000000 0.000000 0.000000
    outer loop
      vertex -0.558609 -1.400000 -0.558609
      vertex -0.499057 -1.453926 -0.618161
      vertex -0.489001 -1.417593 -0.628217
    endloop
  endfacet
  facet normal 0.000000 0.000000 0.000000
    outer loop
      vertex -0.558609 -1.400000 -0.558609
      vertex -0.489001 -1.417593 -0.628217
      vertex -0.489543 -1.378581 -0.627675
    endloop
  endfacet
  facet normal 0.000000 0.000000 0.000000
    outer loop
      vertex -0.558609 -1.400000 -0.558609
      vertex -0.489543 -1.378581 -0.627675
      vertex -0.500599 -1.342830 -0.616619
    endloop
  endfacet
  facet normal 0.000000 0.000000 0.000000
    outer loop
      vertex -0.558609 -1.400000 -0.558609
      vertex -0.500599 -1.342830 -0.616619
      vertex -0.520487 -1.315783 -0.596731
    endloop
  endfacet
  facet normal 0.000000 0.000000 0.000000
    outer loop
      vertex -0.558609 -1.400000 -0.558609
      vertex -0.520487 -1.315783 -0.596731
      vertex -0.546178 -1.301557 -0.571040
    endloop
  endfacet
  facet normal 0.000000 0.000000 0.000000
    outer loop
      vertex -0.558609 -1.400000 -0.558609
      vertex -0.546178 -1.301557 -0.571040
      vertex -0.573762 -1.302318 -0.543456
    endloop
  endfacet
  facet normal 0.000000 0.000000 0.000000
    outer loop
      vertex -0.558609 -1.400000 -0.558609
      vertex -0.573762 -1.302318 -0.543456
      vertex -0.599039 -1.317950 -0.518179
    endloop
  endfacet
  facet normal 0.000000 0.000000 0.000000
    outer loop
      vertex -0.779806 -1.482050 -0.860666
      vertex -0.805083 -1.497682 -0.835389
      vertex -0.809943 -1.475804 -0.884648
    endloop
  endfacet
  facet normal 0.000000 0.000000 0.000000
    outer loop
      vertex -0.805083 -1.497682 -0.835389
      vertex -0.845105 -1.489409 -0.857495
      vertex -0.809943 -1.475804 -0.884648
    endloop
  endfacet
  facet normal 0.000000 0.000000 0.000000
    outer loop
      vertex -0.809943 -1.475804 -0.884648
      vertex -0.845105 -1.489409 -0.857495
      vertex -0.841647 -1.458018 -0.898824
    endloop
  endfacet
  facet normal 0.000000 0.000000 0.000000
