solid MYSOLID created by LDView, original data in 55973.dat
  facet normal 0.000000 0.000000 0.000000
    outer loop
      vertex 0.160000 0.000000 0.000000
      vertex 0.147821 0.000000 -0.061229
      vertex 0.147821 0.061229 0.000000
    endloop
  endfacet
  facet normal 0.000000 0.000000 0.000000
    outer loop
      vertex 0.147821 0.000000 -0.061229
      vertex 0.125372 0.070291 -0.070291
      vertex 0.147821 0.061229 0.000000
    endloop
  endfacet
  facet normal 0.000000 0.000000 0.000000
    outer loop
      vertex 0.147821 0.061229 0.000000
      vertex 0.125372 0.070291 -0.070291
      vertex 0.113137 0.113137 0.000000
    endloop
  endfacet
  facet normal 0.000000 0.000000 0.000000
    outer loop
      vertex 0.125372 0.070291 -0.070291
      vertex 0.070291 0.125372 -0.070291
      vertex 0.113137 0.113137 0.000000
    endloop
  endfacet
  facet normal 0.000000 0.000000 0.000000
    outer loop
      vertex 0.113137 0.113137 0.000000
      vertex 0.070291 0.125372 -0.070291
      vertex 0.061229 0.147821 0.000000
    endloop
  endfacet
  facet normal 0.000000 0.000000 0.000000
    outer loop
      vertex 0.070291 0.125372 -0.070291
      vertex 0.000000 0.147821 -0.061229
      vertex 0.061229 0.147821 0.000000
    endloop
  endfacet
  facet normal 0.000000 0.000000 0.000000
    outer loop
      vertex 0.061229 0.147821 0.000000
      vertex 0.000000 0.147821 -0.061229
      vertex 0.000000 0.160000 0.000000
    endloop
  endfacet
  facet normal 0.000000 0.000000 0.000000
    outer loop
      vertex 0.147821 0.000000 -0.061229
      vertex 0.113137 0.000000 -0.113137
      vertex 0.125372 0.070291 -0.070291
    endloop
  endfacet
  facet normal 0.000000 0.000000 0.000000
    outer loop
      vertex 0.113137 0.000000 -0.113137
      vertex 0.070291 0.070291 -0.125372
      vertex 0.125372 0.070291 -0.070291
    endloop
  endfacet
  facet normal 0.000000 0.000000 0.000000
    outer loop
      vertex 0.125372 0.070291 -0.070291
      vertex 0.070291 0.070291 -0.125372
      vertex 0.070291 0.125372 -0.070291
    endloop
  endfacet
  facet normal 0.000000 0.000000 0.000000
    outer loop
      vertex 0.070291 0.070291 -0.125372
      vertex 0.000000 0.113137 -0.113137
      vertex 0.070291 0.125372 -0.070291
    endloop
  endfacet
  facet normal 0.000000 0.000000 0.000000
    outer loop
      vertex 0.070291 0.125372 -0.070291
      vertex 0.000000 0.113137 -0.113137
      vertex 0.000000 0.147821 -0.061229
    endloop
  endfacet
  facet normal 0.000000 0.000000 0.000000
    outer loop
      vertex 0.113137 0.000000 -0.113137
      vertex 0.061229 0.000000 -0.147821
      vertex 0.070291 0.070291 -0.125372
    endloop
  endfacet
  facet normal 0.000000 0.000000 0.000000
    outer loop
      vertex 0.061229 0.000000 -0.147821
      vertex 0.000000 0.061229 -0.147821
      vertex 0.070291 0.070291 -0.125372
    endloop
  endfacet
  facet normal 0.000000 0.000000 0.000000
    outer loop
      vertex 0.070291 0.070291 -0.125372
      vertex 0.000000 0.061229 -0.147821
      vertex 0.000000 0.113137 -0.113137
    endloop
  endfacet
  facet normal 0.000000 0.000000 0.000000
    outer loop
      vertex 0.061229 0.000000 -0.147821
      vertex 0.000000 -0.000000 -0.160000
      vertex 0.000000 0.061229 -0.147821
    endloop
  endfacet
  facet normal 0.000000 0.000000 0.000000
    outer loop
      vertex 0.000000 -0.061229 -0.147821
      vertex 0.000000 0.000000 -0.160000
      vertex 0.061229 0.000000 -0.147821
    endloop
  endfacet
  facet normal 0.000000 0.000000 0.000000
    outer loop
      vertex 0.000000 -0.113137 -0.113137
      vertex 0.000000 -0.061229 -0.147821
      vertex 0.070291 -0.070291 -0.125372
    endloop
  endfacet
  facet normal 0.000000 0.000000 0.000000
    outer loop
      vertex 0.070291 -0.070291 -0.125372
      vertex 0.000000 -0.061229 -0.147821
      vertex 0.061229 0.000000 -0.147821
    endloop
  endfacet
  facet normal 0.000000 0.000000 0.000000
    outer loop
      vertex 0.070291 -0.070291 -0.125372
      vertex 0.061229 0.000000 -0.147821
      vertex 0.113137 0.000000 -0.113137
    endloop
  endfacet
  facet normal 0.000000 0.000000 0.000000
    outer loop
      vertex 0.000000 -0.147821 -0.061229
      vertex 0.000000 -0.113137 -0.113137
      vertex 0.070291 -0.125372 -0.070291
    endloop
  endfacet
  facet normal 0.000000 0.000000 0.000000
    outer loop
      vertex 0.070291 -0.125372 -0.070291
      vertex 0.000000 -0.113137 -0.113137
      vertex 0.070291 -0.070291 -0.125372
    endloop
  endfacet
  facet normal 0.000000 0.000000 0.000000
    outer loop
      vertex 0.070291 -0.125372 -0.070291
      vertex 0.070291 -0.070291 -0.125372
      vertex 0.125372 -0.070291 -0.070291
    endloop
  endfacet
  facet normal 0.000000 0.000000 0.000000
    outer loop
      vertex 0.125372 -0.070291 -0.070291
      vertex 0.070291 -0.070291 -0.125372
      vertex 0.113137 0.000000 -0.113137
    endloop
  endfacet
  facet normal 0.000000 0.000000 0.000000
    outer loop
      vertex 0.125372 -0.070291 -0.070291
      vertex 0.113137 0.000000 -0.113137
      vertex 0.147821 0.000000 -0.061229
    endloop
  endfacet
  facet normal 0.000000 0.000000 0.000000
    outer loop
      vertex 0.000000 -0.160000 0.000000
      vertex 0.000000 -0.147821 -0.061229
      vertex 0.061229 -0.147821 0.000000
    endloop
  endfacet
  facet normal 0.000000 0.000000 0.000000
    outer loop
      vertex 0.061229 -0.147821 0.000000
      vertex 0.000000 -0.147821 -0.061229
      vertex 0.070291 -0.125372 -0.070291
    endloop
  endfacet
  facet normal 0.000000 0.000000 0.000000
    outer loop
      vertex 0.061229 -0.147821 0.000000
      vertex 0.070291 -0.125372 -0.070291
      vertex 0.113137 -0.113137 0.000000
    endloop
  endfacet
  facet normal 0.000000 0.000000 0.000000
    outer loop
      vertex 0.113137 -0.113137 0.000000
      vertex 0.070291 -0.125372 -0.070291
      vertex 0.125372 -0.070291 -0.070291
    endloop
  endfacet
  facet normal 0.000000 0.000000 0.000000
    outer loop
      vertex 0.113137 -0.113137 0.000000
      vertex 0.125372 -0.070291 -0.070291
      vertex 0.147821 -0.061229 0.000000
    endloop
  endfacet
  facet normal 0.000000 0.000000 0.000000
    outer loop
      vertex 0.147821 -0.061229 0.000000
      vertex 0.125372 -0.070291 -0.070291
      vertex 0.147821 0.000000 -0.061229
    endloop
  endfacet
  facet normal 0.000000 0.000000 0.000000
    outer loop
      vertex 0.147821 -0.061229 0.000000
      vertex 0.147821 0.000000 -0.061229
      vertex 0.160000 0.000000 0.000000
    endloop
  endfacet
  facet normal 0.000000 0.000000 0.000000
    outer loop
      vertex 0.000000 0.061229 -0.147821
      vertex 0.000000 -0.000000 -0.160000
      vertex -0.061229 0.000000 -0.147821
    endloop
  endfacet
  facet normal 0.000000 0.000000 0.000000
    outer loop
      vertex 0.000000 0.113137 -0.113137
      vertex 0.000000 0.061229 -0.147821
      vertex -0.070291 0.070291 -0.125372
    endloop
  endfacet
  facet normal 0.000000 0.000000 0.000000
    outer loop
      vertex -0.070291 0.070291 -0.125372
      vertex 0.000000 0.061229 -0.147821
      vertex -0.061229 0.000000 -0.147821
    endloop
  endfacet
  facet normal 0.000000 0.000000 0.000000
    outer loop
      vertex -0.070291 0.070291 -0.125372
      vertex -0.061229 0.000000 -0.147821
      vertex -0.113137 0.000000 -0.113137
    endloop
  endfacet
  facet normal 0.000000 0.000000 0.000000
    outer loop
      vertex 0.000000 0.147821 -0.061229
      vertex 0.000000 0.113137 -0.113137
      vertex -0.070291 0.125372 -0.070291
    endloop
  endfacet
  facet normal 0.000000 0.000000 0.000000
    outer loop
      vertex -0.070291 0.125372 -0.070291
      vertex 0.000000 0.113137 -0.113137
      vertex -0.070291 0.070291 -0.125372
    endloop
  endfacet
  facet normal 0.000000 0.000000 0.000000
    outer loop
      vertex -0.070291 0.125372 -0.070291
      vertex -0.070291 0.070291 -0.125372
      vertex -0.125372 0.070291 -0.070291
    endloop
  endfacet
  facet normal 0.000000 0.000000 0.000000
    outer loop
      vertex -0.125372 0.070291 -0.070291
      vertex -0.070291 0.070291 -0.125372
      vertex -0.113137 0.000000 -0.113137
    endloop
  endfacet
  facet normal 0.000000 0.000000 0.000000
    outer loop
      vertex -0.125372 0.070291 -0.070291
      vertex -0.113137 0.000000 -0.113137
      vertex -0.147821 0.000000 -0.061229
    endloop
  endfacet
  facet normal 0.000000 0.000000 0.000000
    outer loop
      vertex 0.000000 0.160000 0.000000
      vertex 0.000000 0.147821 -0.061229
      vertex -0.061229 0.147821 0.000000
    endloop
  endfacet
  facet normal 0.000000 0.000000 0.000000
    outer loop
      vertex -0.061229 0.147821 0.000000
      vertex 0.000000 0.147821 -0.061229
      vertex -0.070291 0.125372 -0.070291
    endloop
  endfacet
  facet normal 0.000000 0.000000 0.000000
    outer loop
      vertex -0.061229 0.147821 0.000000
      vertex -0.070291 0.125372 -0.070291
      vertex -0.113137 0.113137 0.000000
    endloop
  endfacet
  facet normal 0.000000 0.000000 0.000000
    outer loop
      vertex -0.113137 0.113137 0.000000
      vertex -0.070291 0.125372 -0.070291
      vertex -0.125372 0.070291 -0.070291
    endloop
  endfacet
  facet normal 0.000000 0.000000 0.000000
    outer loop
      vertex -0.113137 0.113137 0.000000
      vertex -0.125372 0.070291 -0.070291
      vertex -0.147821 0.061229 0.000000
    endloop
  endfacet
  facet normal 0.000000 0.000000 0.000000
    outer loop
      vertex -0.147821 0.061229 0.000000
      vertex -0.125372 0.070291 -0.070291
      vertex -0.147821 0.000000 -0.061229
    endloop
  endfacet
  facet normal 0.000000 0.000000 0.000000
    outer loop
      vertex -0.147821 0.061229 0.000000
      vertex -0.147821 0.000000 -0.061229
      vertex -0.160000 0.000000 0.000000
    endloop
  endfacet
  facet normal 0.000000 0.000000 0.000000
    outer loop
      vertex -0.160000 0.000000 0.000000
      vertex -0.147821 0.000000 -0.061229
      vertex -0.147821 -0.061229 0.000000
    endloop
  endfacet
  facet normal 0.000000 0.000000 0.000000
    outer loop
      vertex -0.147821 0.000000 -0.061229
      vertex -0.125372 -0.070291 -0.070291
      vertex -0.147821 -0.061229 0.000000
    endloop
  endfacet
  facet normal 0.000000 0.000000 0.000000
    outer loop
      vertex -0.147821 -0.061229 0.000000
      vertex -0.125372 -0.070291 -0.070291
      vertex -0.113137 -0.113137 0.000000
    endloop
  endfacet
  facet normal 0.000000 0.000000 0.000000
    outer loop
      vertex -0.125372 -0.070291 -0.070291
      vertex -0.070291 -0.125372 -0.070291
      vertex -0.113137 -0.113137 0.000000
    endloop
  endfacet
  facet normal 0.000000 0.000000 0.000000
    outer loop
      vertex -0.113137 -0.113137 0.000000
      vertex -0.070291 -0.125372 -0.070291
      vertex -0.061229 -0.147821 0.000000
    endloop
  endfacet
  facet normal 0.000000 0.000000 0.000000
    outer loop
      vertex -0.070291 -0.125372 -0.070291
      vertex 0.000000 -0.147821 -0.061229
      vertex -0.061229 -0.147821 0.000000
    endloop
  endfacet
  facet normal 0.000000 0.000000 0.000000
    outer loop
      vertex -0.061229 -0.147821 0.000000
      vertex 0.000000 -0.147821 -0.061229
      vertex 0.000000 -0.160000 0.000000
    endloop
  endfacet
  facet normal 0.000000 0.000000 0.000000
    outer loop
      vertex -0.147821 0.000000 -0.061229
      vertex -0.113137 0.000000 -0.113137
      vertex -0.125372 -0.070291 -0.070291
    endloop
  endfacet
  facet normal 0.000000 0.000000 0.000000
    outer loop
      vertex -0.113137 0.000000 -0.113137
      vertex -0.070291 -0.070291 -0.125372
      vertex -0.125372 -0.070291 -0.070291
    endloop
  endfacet
  facet normal 0.000000 0.000000 0.000000
    outer loop
      vertex -0.125372 -0.070291 -0.070291
      vertex -0.070291 -0.070291 -0.125372
      vertex -0.070291 -0.125372 -0.070291
    endloop
  endfacet
  facet normal 0.000000 0.000000 0.000000
    outer loop
      vertex -0.070291 -0.070291 -0.125372
      vertex 0.000000 -0.113137 -0.113137
      vertex -0.070291 -0.125372 -0.070291
    endloop
  endfacet
  facet normal 0.000000 0.000000 0.000000
    outer loop
      vertex -0.070291 -0.125372 -0.070291
      vertex 0.000000 -0.113137 -0.113137
      vertex 0.000000 -0.147821 -0.061229
    endloop
  endfacet
  facet normal 0.000000 0.000000 0.000000
    outer loop
      vertex -0.113137 0.000000 -0.113137
      vertex -0.061229 0.000000 -0.147821
      vertex -0.070291 -0.070291 -0.125372
    endloop
  endfacet
  facet normal 0.000000 0.000000 0.000000
    outer loop
      vertex -0.061229 0.000000 -0.147821
      vertex 0.000000 -0.061229 -0.147821
      vertex -0.070291 -0.070291 -0.125372
    endloop
  endfacet
  facet normal 0.000000 0.000000 0.000000
    outer loop
      vertex -0.070291 -0.070291 -0.125372
      vertex 0.000000 -0.061229 -0.147821
      vertex 0.000000 -0.113137 -0.113137
    endloop
  endfacet
  facet normal 0.000000 0.000000 0.000000
    outer loop
      vertex -0.061229 0.000000 -0.147821
      vertex 0.000000 0.000000 -0.160000
      vertex 0.000000 -0.061229 -0.147821
    endloop
  endfacet
  facet normal 0.000000 0.000000 0.000000
    outer loop
      vertex 0.000000 0.000000 0.000000
      vertex 0.160000 0.000000 0.000000
      vertex 0.147821 0.061229 0.000000
    endloop
  endfacet
  facet normal 0.000000 0.000000 0.000000
    outer loop
      vertex 0.000000 0.000000 0.000000
      vertex 0.147821 0.061229 0.000000
      vertex 0.113137 0.113137 0.000000
    endloop
  endfacet
  facet normal 0.000000 0.000000 0.000000
    outer loop
      vertex 0.000000 0.000000 0.000000
      vertex 0.113137 0.113137 0.000000
      vertex 0.061229 0.147821 0.000000
    endloop
  endfacet
  facet normal 0.000000 0.000000 0.000000
    outer loop
      vertex 0.000000 0.000000 0.000000
      vertex 0.061229 0.147821 0.000000
      vertex -0.000000 0.160000 0.000000
    endloop
  endfacet
  facet normal 0.000000 0.000000 0.000000
    outer loop
      vertex 0.000000 0.000000 0.000000
      vertex -0.000000 0.160000 0.000000
      vertex -0.061229 0.147821 0.000000
    endloop
  endfacet
  facet normal 0.000000 0.000000 0.000000
    outer loop
      vertex 0.000000 0.000000 0.000000
      vertex -0.061229 0.147821 0.000000
      vertex -0.113137 0.113137 0.000000
    endloop
  endfacet
  facet normal 0.000000 0.000000 0.000000
    outer loop
      vertex 0.000000 0.000000 0.000000
      vertex -0.113137 0.113137 0.000000
      vertex -0.147821 0.061229 0.000000
    endloop
  endfacet
  facet normal 0.000000 0.000000 0.000000
    outer loop
      vertex 0.000000 0.000000 0.000000
      vertex -0.147821 0.061229 0.000000
      vertex -0.160000 -0.000000 0.000000
    endloop
  endfacet
  facet normal 0.000000 0.000000 0.000000
    outer loop
      vertex 0.000000 0.000000 0.000000
      vertex -0.160000 -0.000000 0.000000
      vertex -0.147821 -0.061229 0.000000
    endloop
  endfacet
  facet normal 0.000000 0.000000 0.000000
    outer loop
      vertex 0.000000 0.000000 0.000000
      vertex -0.147821 -0.061229 0.000000
      vertex -0.113137 -0.113137 0.000000
    endloop
  endfacet
  facet normal 0.000000 0.000000 0.000000
    outer loop
      vertex 0.000000 0.000000 0.000000
      vertex -0.113137 -0.113137 0.000000
      vertex -0.061229 -0.147821 0.000000
    endloop
  endfacet
  facet normal 0.000000 0.000000 0.000000
    outer loop
      vertex 0.000000 0.000000 0.000000
      vertex -0.061229 -0.147821 0.000000
      vertex 0.000000 -0.160000 0.000000
    endloop
  endfacet
  facet normal 0.000000 0.000000 0.000000
    outer loop
      vertex 0.000000 0.000000 0.000000
      vertex 0.000000 -0.160000 0.000000
      vertex 0.061229 -0.147821 0.000000
    endloop
  endfacet
  facet normal 0.000000 0.000000 0.000000
    outer loop
      vertex 0.000000 0.000000 0.000000
      vertex 0.061229 -0.147821 0.000000
      vertex 0.113137 -0.113137 0.000000
    endloop
  endfacet
  facet normal 0.000000 0.000000 0.000000
    outer loop
      vertex 0.000000 0.000000 0.000000
      vertex 0.113137 -0.113137 0.000000
      vertex 0.147821 -0.061229 0.000000
    endloop
  endfacet
  facet normal 0.000000 0.000000 0.000000
    outer loop
      vertex 0.000000 0.000000 0.000000
      vertex 0.147821 -0.061229 0.000000
      vertex 0.160000 0.000000 0.000000
    endloop
  endfacet
endsolid MYSOLID
