solid MYSOLID created by LDView, original data in 6538b.dat
  facet normal 0.000000 0.000000 0.000000
    outer loop
      vertex 0.137743 0.332337 -0.360000
      vertex 0.153016 0.369672 -0.400000
      vertex 0.085418 0.342802 -0.360000
    endloop
  endfacet
  facet normal 0.000000 0.000000 0.000000
    outer loop
      vertex 0.137743 0.332337 -0.440000
      vertex 0.085418 0.342802 -0.440000
      vertex 0.153016 0.369672 -0.400000
    endloop
  endfacet
  facet normal 0.000000 0.000000 0.000000
    outer loop
      vertex 0.085418 0.342802 -0.360000
      vertex 0.153016 0.369672 -0.400000
      vertex 0.085418 0.342802 -0.440000
    endloop
  endfacet
  facet normal 0.000000 0.000000 0.000000
    outer loop
      vertex 0.332337 0.137743 -0.440000
      vertex 0.369672 0.153016 -0.400000
      vertex 0.342802 0.085418 -0.440000
    endloop
  endfacet
  facet normal 0.000000 0.000000 0.000000
    outer loop
      vertex 0.332337 0.137743 -0.360000
      vertex 0.342802 0.085418 -0.360000
      vertex 0.369672 0.153016 -0.400000
    endloop
  endfacet
  facet normal 0.000000 0.000000 0.000000
    outer loop
      vertex 0.342802 0.085418 -0.440000
      vertex 0.369672 0.153016 -0.400000
      vertex 0.342802 0.085418 -0.360000
    endloop
  endfacet
  facet normal 0.000000 0.000000 0.000000
    outer loop
      vertex -0.342802 -0.085418 -0.440000
      vertex -0.369672 -0.153016 -0.400000
      vertex -0.342802 -0.085418 -0.360000
    endloop
  endfacet
  facet normal 0.000000 0.000000 0.000000
    outer loop
      vertex -0.369672 -0.153016 -0.400000
      vertex -0.342802 -0.085418 -0.440000
      vertex -0.332337 -0.137743 -0.440000
    endloop
  endfacet
  facet normal 0.000000 0.000000 0.000000
    outer loop
      vertex -0.342802 -0.085418 -0.360000
      vertex -0.369672 -0.153016 -0.400000
      vertex -0.332337 -0.137743 -0.360000
    endloop
  endfacet
  facet normal 0.000000 0.000000 0.000000
    outer loop
      vertex -0.085418 -0.342802 -0.360000
      vertex -0.153016 -0.369672 -0.400000
      vertex -0.085418 -0.342802 -0.440000
    endloop
  endfacet
  facet normal 0.000000 0.000000 0.000000
    outer loop
      vertex -0.153016 -0.369672 -0.400000
      vertex -0.085418 -0.342802 -0.360000
      vertex -0.137743 -0.332337 -0.360000
    endloop
  endfacet
  facet normal 0.000000 0.000000 0.000000
    outer loop
      vertex -0.085418 -0.342802 -0.440000
      vertex -0.153016 -0.369672 -0.400000
      vertex -0.137743 -0.332337 -0.440000
    endloop
  endfacet
  facet normal 0.000000 0.000000 0.000000
    outer loop
      vertex -0.332337 0.137743 -0.360000
      vertex -0.369672 0.153016 -0.400000
      vertex -0.342802 0.085418 -0.360000
    endloop
  endfacet
  facet normal 0.000000 0.000000 0.000000
    outer loop
      vertex -0.332337 0.137743 -0.440000
      vertex -0.342802 0.085418 -0.440000
      vertex -0.369672 0.153016 -0.400000
    endloop
  endfacet
  facet normal 0.000000 0.000000 0.000000
    outer loop
      vertex -0.342802 0.085418 -0.360000
      vertex -0.369672 0.153016 -0.400000
      vertex -0.342802 0.085418 -0.440000
    endloop
  endfacet
  facet normal 0.000000 0.000000 0.000000
    outer loop
      vertex -0.137743 0.332337 -0.440000
      vertex -0.153016 0.369672 -0.400000
      vertex -0.085418 0.342802 -0.440000
    endloop
  endfacet
  facet normal 0.000000 0.000000 0.000000
    outer loop
      vertex -0.137743 0.332337 -0.360000
      vertex -0.085418 0.342802 -0.360000
      vertex -0.153016 0.369672 -0.400000
    endloop
  endfacet
  facet normal 0.000000 0.000000 0.000000
    outer loop
      vertex -0.085418 0.342802 -0.440000
      vertex -0.153016 0.369672 -0.400000
      vertex -0.085418 0.342802 -0.360000
    endloop
  endfacet
  facet normal 0.000000 0.000000 0.000000
    outer loop
      vertex 0.085418 -0.342802 -0.440000
      vertex 0.153016 -0.369672 -0.400000
      vertex 0.085418 -0.342802 -0.360000
    endloop
  endfacet
  facet normal 0.000000 0.000000 0.000000
    outer loop
      vertex 0.153016 -0.369672 -0.400000
      vertex 0.085418 -0.342802 -0.440000
      vertex 0.137743 -0.332337 -0.440000
    endloop
  endfacet
  facet normal 0.000000 0.000000 0.000000
    outer loop
      vertex 0.085418 -0.342802 -0.360000
      vertex 0.153016 -0.369672 -0.400000
      vertex 0.137743 -0.332337 -0.360000
    endloop
  endfacet
  facet normal 0.000000 0.000000 0.000000
    outer loop
      vertex 0.342802 -0.085418 -0.360000
      vertex 0.369672 -0.153016 -0.400000
      vertex 0.342802 -0.085418 -0.440000
    endloop
  endfacet
  facet normal 0.000000 0.000000 0.000000
    outer loop
      vertex 0.369672 -0.153016 -0.400000
      vertex 0.342802 -0.085418 -0.360000
      vertex 0.332337 -0.137743 -0.360000
    endloop
  endfacet
  facet normal 0.000000 0.000000 0.000000
    outer loop
      vertex 0.342802 -0.085418 -0.440000
      vertex 0.369672 -0.153016 -0.400000
      vertex 0.332337 -0.137743 -0.440000
    endloop
  endfacet
  facet normal 0.000000 0.000000 0.000000
    outer loop
      vertex 0.137743 0.332337 0.040000
      vertex 0.153016 0.369672 0.000000
      vertex 0.085418 0.342802 0.040000
    endloop
  endfacet
  facet normal 0.000000 0.000000 0.000000
    outer loop
      vertex 0.137743 0.332337 -0.040000
      vertex 0.085418 0.342802 -0.040000
      vertex 0.153016 0.369672 0.000000
    endloop
  endfacet
  facet normal 0.000000 0.000000 0.000000
    outer loop
      vertex 0.085418 0.342802 0.040000
      vertex 0.153016 0.369672 0.000000
      vertex 0.085418 0.342802 -0.040000
    endloop
  endfacet
  facet normal 0.000000 0.000000 0.000000
    outer loop
      vertex 0.332337 0.137743 -0.040000
      vertex 0.369672 0.153016 0.000000
      vertex 0.342802 0.085418 -0.040000
    endloop
  endfacet
  facet normal 0.000000 0.000000 0.000000
    outer loop
      vertex 0.332337 0.137743 0.040000
      vertex 0.342802 0.085418 0.040000
      vertex 0.369672 0.153016 0.000000
    endloop
  endfacet
  facet normal 0.000000 0.000000 0.000000
    outer loop
      vertex 0.342802 0.085418 -0.040000
      vertex 0.369672 0.153016 0.000000
      vertex 0.342802 0.085418 0.040000
    endloop
  endfacet
  facet normal 0.000000 0.000000 0.000000
    outer loop
      vertex -0.342802 -0.085418 -0.040000
      vertex -0.369672 -0.153016 0.000000
      vertex -0.342802 -0.085418 0.040000
    endloop
  endfacet
  facet normal 0.000000 0.000000 0.000000
    outer loop
      vertex -0.369672 -0.153016 0.000000
      vertex -0.342802 -0.085418 -0.040000
      vertex -0.332337 -0.137743 -0.040000
    endloop
  endfacet
  facet normal 0.000000 0.000000 0.000000
    outer loop
      vertex -0.342802 -0.085418 0.040000
      vertex -0.369672 -0.153016 0.000000
      vertex -0.332337 -0.137743 0.040000
    endloop
  endfacet
  facet normal 0.000000 0.000000 0.000000
    outer loop
      vertex -0.085418 -0.342802 0.040000
      vertex -0.153016 -0.369672 0.000000
      vertex -0.085418 -0.342802 -0.040000
    endloop
  endfacet
  facet normal 0.000000 0.000000 0.000000
    outer loop
      vertex -0.153016 -0.369672 0.000000
      vertex -0.085418 -0.342802 0.040000
      vertex -0.137743 -0.332337 0.040000
    endloop
  endfacet
  facet normal 0.000000 0.000000 0.000000
    outer loop
      vertex -0.085418 -0.342802 -0.040000
      vertex -0.153016 -0.369672 0.000000
      vertex -0.137743 -0.332337 -0.040000
    endloop
  endfacet
  facet normal 0.000000 0.000000 0.000000
    outer loop
      vertex -0.332337 0.137743 0.040000
      vertex -0.369672 0.153016 0.000000
      vertex -0.342802 0.085418 0.040000
    endloop
  endfacet
  facet normal 0.000000 0.000000 0.000000
    outer loop
      vertex -0.332337 0.137743 -0.040000
      vertex -0.342802 0.085418 -0.040000
      vertex -0.369672 0.153016 0.000000
    endloop
  endfacet
  facet normal 0.000000 0.000000 0.000000
    outer loop
      vertex -0.342802 0.085418 0.040000
      vertex -0.369672 0.153016 0.000000
      vertex -0.342802 0.085418 -0.040000
    endloop
  endfacet
  facet normal 0.000000 0.000000 0.000000
    outer loop
      vertex -0.137743 0.332337 -0.040000
      vertex -0.153016 0.369672 0.000000
      vertex -0.085418 0.342802 -0.040000
    endloop
  endfacet
  facet normal 0.000000 0.000000 0.000000
    outer loop
      vertex -0.137743 0.332337 0.040000
      vertex -0.085418 0.342802 0.040000
      vertex -0.153016 0.369672 0.000000
    endloop
  endfacet
  facet normal 0.000000 0.000000 0.000000
    outer loop
      vertex -0.085418 0.342802 -0.040000
      vertex -0.153016 0.369672 0.000000
      vertex -0.085418 0.342802 0.040000
    endloop
  endfacet
  facet normal 0.000000 0.000000 0.000000
    outer loop
      vertex 0.085418 -0.342802 -0.040000
      vertex 0.153016 -0.369672 0.000000
      vertex 0.085418 -0.342802 0.040000
    endloop
  endfacet
  facet normal 0.000000 0.000000 0.000000
    outer loop
      vertex 0.153016 -0.369672 0.000000
      vertex 0.085418 -0.342802 -0.040000
      vertex 0.137743 -0.332337 -0.040000
    endloop
  endfacet
  facet normal 0.000000 0.000000 0.000000
    outer loop
      vertex 0.085418 -0.342802 0.040000
      vertex 0.153016 -0.369672 0.000000
      vertex 0.137743 -0.332337 0.040000
    endloop
  endfacet
  facet normal 0.000000 0.000000 0.000000
    outer loop
      vertex 0.342802 -0.085418 0.040000
      vertex 0.369672 -0.153016 0.000000
      vertex 0.342802 -0.085418 -0.040000
    endloop
  endfacet
  facet normal 0.000000 0.000000 0.000000
    outer loop
      vertex 0.369672 -0.153016 0.000000
      vertex 0.342802 -0.085418 0.040000
      vertex 0.332337 -0.137743 0.040000
    endloop
  endfacet
  facet normal 0.000000 0.000000 0.000000
    outer loop
      vertex 0.342802 -0.085418 -0.040000
      vertex 0.369672 -0.153016 0.000000
      vertex 0.332337 -0.137743 -0.040000
    endloop
  endfacet
  facet normal 0.000000 0.000000 0.000000
    outer loop
      vertex 0.137743 0.332337 0.440000
      vertex 0.153016 0.369672 0.400000
      vertex 0.085418 0.342802 0.440000
    endloop
  endfacet
  facet normal 0.000000 0.000000 0.000000
    outer loop
      vertex 0.137743 0.332337 0.360000
      vertex 0.085418 0.342802 0.360000
      vertex 0.153016 0.369672 0.400000
    endloop
  endfacet
  facet normal 0.000000 0.000000 0.000000
    outer loop
      vertex 0.085418 0.342802 0.440000
      vertex 0.153016 0.369672 0.400000
      vertex 0.085418 0.342802 0.360000
    endloop
  endfacet
  facet normal 0.000000 0.000000 0.000000
    outer loop
      vertex 0.332337 0.137743 0.360000
      vertex 0.369672 0.153016 0.400000
      vertex 0.342802 0.085418 0.360000
    endloop
  endfacet
  facet normal 0.000000 0.000000 0.000000
    outer loop
      vertex 0.332337 0.137743 0.440000
      vertex 0.342802 0.085418 0.440000
      vertex 0.369672 0.153016 0.400000
    endloop
  endfacet
  facet normal 0.000000 0.000000 0.000000
    outer loop
      vertex 0.342802 0.085418 0.360000
      vertex 0.369672 0.153016 0.400000
      vertex 0.342802 0.085418 0.440000
    endloop
  endfacet
  facet normal 0.000000 0.000000 0.000000
    outer loop
      vertex -0.342802 -0.085418 0.360000
      vertex -0.369672 -0.153016 0.400000
      vertex -0.342802 -0.085418 0.440000
    endloop
  endfacet
  facet normal 0.000000 0.000000 0.000000
    outer loop
      vertex -0.369672 -0.153016 0.400000
      vertex -0.342802 -0.085418 0.360000
      vertex -0.332337 -0.137743 0.360000
    endloop
  endfacet
  facet normal 0.000000 0.000000 0.000000
    outer loop
      vertex -0.342802 -0.085418 0.440000
      vertex -0.369672 -0.153016 0.400000
      vertex -0.332337 -0.137743 0.440000
    endloop
  endfacet
  facet normal 0.000000 0.000000 0.000000
    outer loop
      vertex -0.085418 -0.342802 0.440000
      vertex -0.153016 -0.369672 0.400000
      vertex -0.085418 -0.342802 0.360000
    endloop
  endfacet
  facet normal 0.000000 0.000000 0.000000
    outer loop
      vertex -0.153016 -0.369672 0.400000
      vertex -0.085418 -0.342802 0.440000
      vertex -0.137743 -0.332337 0.440000
    endloop
  endfacet
  facet normal 0.000000 0.000000 0.000000
    outer loop
      vertex -0.085418 -0.342802 0.360000
      vertex -0.153016 -0.369672 0.400000
      vertex -0.137743 -0.332337 0.360000
    endloop
  endfacet
  facet normal 0.000000 0.000000 0.000000
    outer loop
      vertex -0.332337 0.137743 0.440000
      vertex -0.369672 0.153016 0.400000
      vertex -0.342802 0.085418 0.440000
    endloop
  endfacet
  facet normal 0.000000 0.000000 0.000000
    outer loop
      vertex -0.332337 0.137743 0.360000
      vertex -0.342802 0.085418 0.360000
      vertex -0.369672 0.153016 0.400000
    endloop
  endfacet
  facet normal 0.000000 0.000000 0.000000
    outer loop
      vertex -0.342802 0.085418 0.440000
      vertex -0.369672 0.153016 0.400000
      vertex -0.342802 0.085418 0.360000
    endloop
  endfacet
  facet normal 0.000000 0.000000 0.000000
    outer loop
      vertex -0.137743 0.332337 0.360000
      vertex -0.153016 0.369672 0.400000
      vertex -0.085418 0.342802 0.360000
    endloop
  endfacet
  facet normal 0.000000 0.000000 0.000000
    outer loop
      vertex -0.137743 0.332337 0.440000
      vertex -0.085418 0.342802 0.440000
      vertex -0.153016 0.369672 0.400000
    endloop
  endfacet
  facet normal 0.000000 0.000000 0.000000
    outer loop
      vertex -0.085418 0.342802 0.360000
      vertex -0.153016 0.369672 0.400000
      vertex -0.085418 0.342802 0.440000
    endloop
  endfacet
  facet normal 0.000000 0.000000 0.000000
    outer loop
      vertex 0.085418 -0.342802 0.360000
      vertex 0.153016 -0.369672 0.400000
      vertex 0.085418 -0.342802 0.440000
    endloop
  endfacet
  facet normal 0.000000 0.000000 0.000000
    outer loop
      vertex 0.153016 -0.369672 0.400000
      vertex 0.085418 -0.342802 0.360000
      vertex 0.137743 -0.332337 0.360000
    endloop
  endfacet
  facet normal 0.000000 0.000000 0.000000
    outer loop
      vertex 0.085418 -0.342802 0.440000
      vertex 0.153016 -0.369672 0.400000
      vertex 0.137743 -0.332337 0.440000
    endloop
  endfacet
  facet normal 0.000000 0.000000 0.000000
    outer loop
      vertex 0.342802 -0.085418 0.440000
      vertex 0.369672 -0.153016 0.400000
      vertex 0.342802 -0.085418 0.360000
    endloop
  endfacet
  facet normal 0.000000 0.000000 0.000000
    outer loop
      vertex 0.369672 -0.153016 0.400000
      vertex 0.342802 -0.085418 0.440000
      vertex 0.332337 -0.137743 0.440000
    endloop
  endfacet
  facet normal 0.000000 0.000000 0.000000
    outer loop
      vertex 0.342802 -0.085418 0.360000
      vertex 0.369672 -0.153016 0.400000
      vertex 0.332337 -0.137743 0.360000
    endloop
  endfacet
  facet normal 0.000000 0.000000 0.000000
    outer loop
      vertex 0.000000 0.239848 -0.800000
      vertex 0.000000 0.325832 -0.800000
      vertex 0.085418 0.342802 -0.800000
    endloop
  endfacet
  facet normal 0.000000 0.000000 0.000000
    outer loop
      vertex -0.085418 0.342802 -0.800000
      vertex 0.000000 0.325832 -0.800000
      vertex 0.000000 0.239848 -0.800000
    endloop
  endfacet
  facet normal 0.000000 0.000000 0.000000
    outer loop
      vertex -0.239848 0.000000 -0.800000
      vertex -0.325832 0.000000 -0.800000
      vertex -0.342802 0.085418 -0.800000
    endloop
  endfacet
  facet normal 0.000000 0.000000 0.000000
    outer loop
      vertex -0.342802 -0.085418 -0.800000
      vertex -0.325832 0.000000 -0.800000
      vertex -0.239848 0.000000 -0.800000
    endloop
  endfacet
  facet normal 0.000000 0.000000 0.000000
    outer loop
      vertex 0.239848 0.000000 -0.800000
      vertex 0.325832 0.000000 -0.800000
      vertex 0.342802 -0.085418 -0.800000
    endloop
  endfacet
  facet normal 0.000000 0.000000 0.000000
    outer loop
      vertex 0.342802 0.085418 -0.800000
      vertex 0.325832 0.000000 -0.800000
      vertex 0.239848 0.000000 -0.800000
    endloop
  endfacet
  facet normal 0.000000 0.000000 0.000000
    outer loop
      vertex 0.000000 -0.239848 -0.800000
      vertex 0.000000 -0.325832 -0.800000
      vertex -0.085418 -0.342802 -0.800000
    endloop
  endfacet
  facet normal 0.000000 0.000000 0.000000
    outer loop
      vertex 0.085418 -0.342802 -0.800000
      vertex 0.000000 -0.325832 -0.800000
      vertex 0.000000 -0.239848 -0.800000
    endloop
  endfacet
  facet normal 0.000000 0.000000 0.000000
    outer loop
      vertex 0.000000 0.239848 0.800000
      vertex 0.000000 0.325832 0.800000
      vertex -0.085418 0.342802 0.800000
    endloop
  endfacet
  facet normal 0.000000 0.000000 0.000000
    outer loop
      vertex 0.085418 0.342802 0.800000
      vertex 0.000000 0.325832 0.800000
      vertex 0.000000 0.239848 0.800000
    endloop
  endfacet
  facet normal 0.000000 0.000000 0.000000
    outer loop
      vertex -0.239848 0.000000 0.800000
      vertex -0.325832 0.000000 0.800000
      vertex -0.342802 -0.085418 0.800000
    endloop
  endfacet
  facet normal 0.000000 0.000000 0.000000
    outer loop
      vertex -0.342802 0.085418 0.800000
      vertex -0.325832 0.000000 0.800000
      vertex -0.239848 0.000000 0.800000
    endloop
  endfacet
  facet normal 0.000000 0.000000 0.000000
    outer loop
      vertex 0.239848 0.000000 0.800000
      vertex 0.325832 0.000000 0.800000
      vertex 0.342802 0.085418 0.800000
    endloop
  endfacet
  facet normal 0.000000 0.000000 0.000000
    outer loop
      vertex 0.342802 -0.085418 0.800000
      vertex 0.325832 0.000000 0.800000
      vertex 0.239848 0.000000 0.800000
    endloop
  endfacet
  facet normal 0.000000 0.000000 0.000000
    outer loop
      vertex 0.000000 -0.239848 0.800000
      vertex 0.000000 -0.325832 0.800000
      vertex 0.085418 -0.342802 0.800000
    endloop
  endfacet
  facet normal 0.000000 0.000000 0.000000
    outer loop
      vertex -0.085418 -0.342802 0.800000
      vertex 0.000000 -0.325832 0.800000
      vertex 0.000000 -0.239848 0.800000
    endloop
  endfacet
  facet normal 0.000000 0.000000 0.000000
    outer loop
      vertex 0.254556 0.254556 -0.800000
      vertex 0.137743 0.332337 -0.800000
      vertex 0.137743 0.332337 0.800000
    endloop
  endfacet
  facet normal 0.000000 0.000000 0.000000
    outer loop
      vertex 0.254556 0.254556 -0.800000
      vertex 0.137743 0.332337 0.800000
      vertex 0.254556 0.254556 0.800000
    endloop
  endfacet
  facet normal 0.000000 0.000000 0.000000
    outer loop
      vertex 0.137743 0.332337 -0.800000
      vertex 0.085418 0.342802 -0.800000
      vertex 0.085418 0.342802 0.800000
    endloop
  endfacet
  facet normal 0.000000 0.000000 0.000000
    outer loop
      vertex 0.137743 0.332337 -0.800000
      vertex 0.085418 0.342802 0.800000
      vertex 0.137743 0.332337 0.800000
    endloop
  endfacet
  facet normal 0.000000 0.000000 0.000000
    outer loop
      vertex 0.085418 0.342802 -0.800000
      vertex 0.000000 0.325832 -0.800000
      vertex 0.000000 0.325832 0.800000
    endloop
  endfacet
  facet normal 0.000000 0.000000 0.000000
    outer loop
      vertex 0.085418 0.342802 -0.800000
      vertex 0.000000 0.325832 0.800000
      vertex 0.085418 0.342802 0.800000
    endloop
  endfacet
  facet normal 0.000000 0.000000 0.000000
    outer loop
      vertex 0.000000 0.325832 -0.800000
      vertex -0.085418 0.342802 -0.800000
      vertex -0.085418 0.342802 0.800000
    endloop
  endfacet
  facet normal 0.000000 0.000000 0.000000
    outer loop
      vertex 0.000000 0.325832 -0.800000
      vertex -0.085418 0.342802 0.800000
      vertex 0.000000 0.325832 0.800000
    endloop
  endfacet
  facet normal 0.000000 0.000000 0.000000
    outer loop
      vertex -0.085418 0.342802 -0.800000
      vertex -0.137743 0.332337 -0.800000
      vertex -0.137743 0.332337 0.800000
    endloop
  endfacet
  facet normal 0.000000 0.000000 0.000000
    outer loop
      vertex -0.085418 0.342802 -0.800000
      vertex -0.137743 0.332337 0.800000
      vertex -0.085418 0.342802 0.800000
    endloop
  endfacet
  facet normal 0.000000 0.000000 0.000000
    outer loop
      vertex -0.137743 0.332337 -0.800000
      vertex -0.254556 0.254556 -0.800000
      vertex -0.254556 0.254556 0.800000
    endloop
  endfacet
  facet normal 0.000000 0.000000 0.000000
    outer loop
      vertex -0.137743 0.332337 -0.800000
      vertex -0.254556 0.254556 0.800000
      vertex -0.137743 0.332337 0.800000
    endloop
  endfacet
  facet normal 0.000000 0.000000 0.000000
    outer loop
      vertex -0.332337 -0.137743 0.800000
      vertex -0.332337 -0.137743 -0.800000
      vertex -0.254556 -0.254556 -0.800000
    endloop
  endfacet
  facet normal 0.000000 0.000000 0.000000
    outer loop
      vertex -0.332337 -0.137743 0.800000
      vertex -0.254556 -0.254556 -0.800000
      vertex -0.254556 -0.254556 0.800000
    endloop
  endfacet
  facet normal 0.000000 0.000000 0.000000
    outer loop
      vertex -0.342802 -0.085418 0.800000
      vertex -0.342802 -0.085418 -0.800000
      vertex -0.332337 -0.137743 -0.800000
    endloop
  endfacet
  facet normal 0.000000 0.000000 0.000000
    outer loop
      vertex -0.342802 -0.085418 0.800000
      vertex -0.332337 -0.137743 -0.800000
      vertex -0.332337 -0.137743 0.800000
    endloop
  endfacet
  facet normal 0.000000 0.000000 0.000000
    outer loop
      vertex -0.325832 0.000000 0.800000
      vertex -0.325832 0.000000 -0.800000
      vertex -0.342802 -0.085418 -0.800000
    endloop
  endfacet
  facet normal 0.000000 0.000000 0.000000
    outer loop
      vertex -0.325832 0.000000 0.800000
      vertex -0.342802 -0.085418 -0.800000
      vertex -0.342802 -0.085418 0.800000
    endloop
  endfacet
  facet normal 0.000000 0.000000 0.000000
    outer loop
      vertex -0.342802 0.085418 0.800000
      vertex -0.342802 0.085418 -0.800000
      vertex -0.325832 0.000000 -0.800000
    endloop
  endfacet
  facet normal 0.000000 0.000000 0.000000
    outer loop
      vertex -0.342802 0.085418 0.800000
      vertex -0.325832 0.000000 -0.800000
      vertex -0.325832 0.000000 0.800000
    endloop
  endfacet
  facet normal 0.000000 0.000000 0.000000
    outer loop
      vertex -0.332337 0.137743 0.800000
      vertex -0.332337 0.137743 -0.800000
      vertex -0.342802 0.085418 -0.800000
    endloop
  endfacet
  facet normal 0.000000 0.000000 0.000000
    outer loop
      vertex -0.332337 0.137743 0.800000
      vertex -0.342802 0.085418 -0.800000
      vertex -0.342802 0.085418 0.800000
    endloop
  endfacet
  facet normal 0.000000 0.000000 0.000000
    outer loop
      vertex -0.254556 0.254556 0.800000
      vertex -0.254556 0.254556 -0.800000
      vertex -0.332337 0.137743 -0.800000
    endloop
  endfacet
  facet normal 0.000000 0.000000 0.000000
    outer loop
      vertex -0.254556 0.254556 0.800000
      vertex -0.332337 0.137743 -0.800000
      vertex -0.332337 0.137743 0.800000
    endloop
  endfacet
  facet normal 0.000000 0.000000 0.000000
    outer loop
      vertex 0.332337 0.137743 0.800000
      vertex 0.332337 0.137743 -0.800000
      vertex 0.254556 0.254556 -0.800000
    endloop
  endfacet
  facet normal 0.000000 0.000000 0.000000
    outer loop
      vertex 0.332337 0.137743 0.800000
      vertex 0.254556 0.254556 -0.800000
      vertex 0.254556 0.254556 0.800000
    endloop
  endfacet
  facet normal 0.000000 0.000000 0.000000
    outer loop
      vertex 0.342802 0.085418 0.800000
      vertex 0.342802 0.085418 -0.800000
      vertex 0.332337 0.137743 -0.800000
    endloop
  endfacet
  facet normal 0.000000 0.000000 0.000000
    outer loop
      vertex 0.342802 0.085418 0.800000
      vertex 0.332337 0.137743 -0.800000
      vertex 0.332337 0.137743 0.800000
    endloop
  endfacet
  facet normal 0.000000 0.000000 0.000000
    outer loop
      vertex 0.325832 0.000000 0.800000
      vertex 0.325832 0.000000 -0.800000
      vertex 0.342802 0.085418 -0.800000
    endloop
  endfacet
  facet normal 0.000000 0.000000 0.000000
    outer loop
      vertex 0.325832 0.000000 0.800000
      vertex 0.342802 0.085418 -0.800000
      vertex 0.342802 0.085418 0.800000
    endloop
  endfacet
  facet normal 0.000000 0.000000 0.000000
    outer loop
      vertex 0.342802 -0.085418 0.800000
      vertex 0.342802 -0.085418 -0.800000
      vertex 0.325832 0.000000 -0.800000
    endloop
  endfacet
  facet normal 0.000000 0.000000 0.000000
    outer loop
      vertex 0.342802 -0.085418 0.800000
      vertex 0.325832 0.000000 -0.800000
      vertex 0.325832 0.000000 0.800000
    endloop
  endfacet
  facet normal 0.000000 0.000000 0.000000
    outer loop
      vertex 0.332337 -0.137743 0.800000
      vertex 0.332337 -0.137743 -0.800000
      vertex 0.342802 -0.085418 -0.800000
    endloop
  endfacet
  facet normal 0.000000 0.000000 0.000000
    outer loop
      vertex 0.332337 -0.137743 0.800000
      vertex 0.342802 -0.085418 -0.800000
      vertex 0.342802 -0.085418 0.800000
    endloop
  endfacet
  facet normal 0.000000 0.000000 0.000000
    outer loop
      vertex 0.254556 -0.254556 0.800000
      vertex 0.254556 -0.254556 -0.800000
      vertex 0.332337 -0.137743 -0.800000
    endloop
  endfacet
  facet normal 0.000000 0.000000 0.000000
    outer loop
      vertex 0.254556 -0.254556 0.800000
      vertex 0.332337 -0.137743 -0.800000
      vertex 0.332337 -0.137743 0.800000
    endloop
  endfacet
  facet normal 0.000000 0.000000 0.000000
    outer loop
      vertex -0.254556 -0.254556 -0.800000
      vertex -0.137743 -0.332337 -0.800000
      vertex -0.137743 -0.332337 0.800000
    endloop
  endfacet
  facet normal 0.000000 0.000000 0.000000
    outer loop
      vertex -0.254556 -0.254556 -0.800000
      vertex -0.137743 -0.332337 0.800000
      vertex -0.254556 -0.254556 0.800000
    endloop
  endfacet
  facet normal 0.000000 0.000000 0.000000
    outer loop
      vertex -0.137743 -0.332337 -0.800000
      vertex -0.085418 -0.342802 -0.800000
      vertex -0.085418 -0.342802 0.800000
    endloop
  endfacet
  facet normal 0.000000 0.000000 0.000000
    outer loop
      vertex -0.137743 -0.332337 -0.800000
      vertex -0.085418 -0.342802 0.800000
      vertex -0.137743 -0.332337 0.800000
    endloop
  endfacet
  facet normal 0.000000 0.000000 0.000000
    outer loop
      vertex -0.085418 -0.342802 -0.800000
      vertex 0.000000 -0.325832 -0.800000
      vertex 0.000000 -0.325832 0.800000
    endloop
  endfacet
  facet normal 0.000000 0.000000 0.000000
    outer loop
      vertex -0.085418 -0.342802 -0.800000
      vertex 0.000000 -0.325832 0.800000
      vertex -0.085418 -0.342802 0.800000
    endloop
  endfacet
  facet normal 0.000000 0.000000 0.000000
    outer loop
      vertex 0.000000 -0.325832 -0.800000
      vertex 0.085418 -0.342802 -0.800000
      vertex 0.085418 -0.342802 0.800000
    endloop
  endfacet
  facet normal 0.000000 0.000000 0.000000
    outer loop
      vertex 0.000000 -0.325832 -0.800000
      vertex 0.085418 -0.342802 0.800000
      vertex 0.000000 -0.325832 0.800000
    endloop
  endfacet
  facet normal 0.000000 0.000000 0.000000
    outer loop
      vertex 0.085418 -0.342802 -0.800000
      vertex 0.137743 -0.332337 -0.800000
      vertex 0.137743 -0.332337 0.800000
    endloop
  endfacet
  facet normal 0.000000 0.000000 0.000000
    outer loop
      vertex 0.085418 -0.342802 -0.800000
      vertex 0.137743 -0.332337 0.800000
      vertex 0.085418 -0.342802 0.800000
    endloop
  endfacet
  facet normal 0.000000 0.000000 0.000000
    outer loop
      vertex 0.137743 -0.332337 -0.800000
      vertex 0.254556 -0.254556 -0.800000
      vertex 0.254556 -0.254556 0.800000
    endloop
  endfacet
  facet normal 0.000000 0.000000 0.000000
    outer loop
      vertex 0.137743 -0.332337 -0.800000
      vertex 0.254556 -0.254556 0.800000
      vertex 0.137743 -0.332337 0.800000
    endloop
  endfacet
  facet normal 0.000000 0.000000 0.000000
    outer loop
      vertex 0.240000 0.000000 -0.010000
      vertex 0.240000 0.000000 -0.800000
      vertex 0.221736 -0.091848 -0.800000
    endloop
  endfacet
  facet normal 0.000000 0.000000 0.000000
    outer loop
      vertex 0.240000 0.000000 -0.010000
      vertex 0.221736 -0.091848 -0.800000
      vertex 0.221736 -0.091848 -0.010000
    endloop
  endfacet
  facet normal 0.000000 0.000000 0.000000
    outer loop
      vertex 0.221736 -0.091848 -0.010000
      vertex 0.221736 -0.091848 -0.800000
      vertex 0.189264 -0.140460 -0.800000
    endloop
  endfacet
  facet normal 0.000000 0.000000 0.000000
    outer loop
      vertex 0.221736 -0.091848 -0.010000
      vertex 0.189264 -0.140460 -0.800000
      vertex 0.189264 -0.140460 -0.010000
    endloop
  endfacet
  facet normal 0.000000 0.000000 0.000000
    outer loop
      vertex 0.189264 -0.140460 -0.800000
      vertex 0.120920 -0.093028 -0.800000
      vertex 0.120920 -0.093028 -0.010000
    endloop
  endfacet
  facet normal 0.000000 0.000000 0.000000
    outer loop
      vertex 0.189264 -0.140460 -0.800000
      vertex 0.120920 -0.093028 -0.010000
      vertex 0.189264 -0.140460 -0.010000
    endloop
  endfacet
  facet normal 0.000000 0.000000 0.000000
    outer loop
      vertex 0.120920 -0.093028 -0.010000
      vertex 0.120920 -0.093028 -0.800000
      vertex 0.100000 -0.100000 -0.800000
    endloop
  endfacet
  facet normal 0.000000 0.000000 0.000000
    outer loop
      vertex 0.120920 -0.093028 -0.010000
      vertex 0.100000 -0.100000 -0.800000
      vertex 0.100000 -0.100000 -0.010000
    endloop
  endfacet
  facet normal 0.000000 0.000000 0.000000
    outer loop
      vertex 0.093028 -0.120920 -0.800000
      vertex 0.093028 -0.120920 -0.010000
      vertex 0.100000 -0.100000 -0.010000
    endloop
  endfacet
  facet normal 0.000000 0.000000 0.000000
    outer loop
      vertex 0.093028 -0.120920 -0.800000
      vertex 0.100000 -0.100000 -0.010000
      vertex 0.100000 -0.100000 -0.800000
    endloop
  endfacet
  facet normal 0.000000 0.000000 0.000000
    outer loop
      vertex 0.140460 -0.189264 -0.010000
      vertex 0.093028 -0.120920 -0.010000
      vertex 0.093028 -0.120920 -0.800000
    endloop
  endfacet
  facet normal 0.000000 0.000000 0.000000
    outer loop
      vertex 0.140460 -0.189264 -0.010000
      vertex 0.093028 -0.120920 -0.800000
      vertex 0.140460 -0.189264 -0.800000
    endloop
  endfacet
  facet normal 0.000000 0.000000 0.000000
    outer loop
      vertex 0.140460 -0.189264 -0.010000
      vertex 0.140460 -0.189264 -0.800000
      vertex 0.091848 -0.221736 -0.800000
    endloop
  endfacet
  facet normal 0.000000 0.000000 0.000000
    outer loop
      vertex 0.140460 -0.189264 -0.010000
      vertex 0.091848 -0.221736 -0.800000
      vertex 0.091848 -0.221736 -0.010000
    endloop
  endfacet
  facet normal 0.000000 0.000000 0.000000
    outer loop
      vertex 0.091848 -0.221736 -0.010000
      vertex 0.091848 -0.221736 -0.800000
      vertex 0.000000 -0.240000 -0.800000
    endloop
  endfacet
  facet normal 0.000000 0.000000 0.000000
    outer loop
      vertex 0.091848 -0.221736 -0.010000
      vertex 0.000000 -0.240000 -0.800000
      vertex 0.000000 -0.240000 -0.010000
    endloop
  endfacet
  facet normal 0.000000 0.000000 0.000000
    outer loop
      vertex -0.080000 -0.224092 -0.010000
      vertex 0.000000 -0.240000 -0.010000
      vertex 0.000000 -0.240000 -0.800000
    endloop
  endfacet
  facet normal 0.000000 0.000000 0.000000
    outer loop
      vertex -0.080000 -0.224092 -0.010000
      vertex 0.000000 -0.240000 -0.800000
      vertex -0.080000 -0.224092 -0.800000
    endloop
  endfacet
  facet normal 0.000000 0.000000 0.000000
    outer loop
      vertex -0.080000 -0.160000 -0.800000
      vertex -0.080000 -0.160000 -0.010000
      vertex -0.080000 -0.224092 -0.010000
    endloop
  endfacet
  facet normal 0.000000 0.000000 0.000000
    outer loop
      vertex -0.080000 -0.160000 -0.800000
      vertex -0.080000 -0.224092 -0.010000
      vertex -0.080000 -0.224092 -0.800000
    endloop
  endfacet
  facet normal 0.000000 0.000000 0.000000
    outer loop
      vertex -0.100000 -0.100000 -0.800000
      vertex -0.100000 -0.100000 -0.010000
      vertex -0.080000 -0.160000 -0.010000
    endloop
  endfacet
  facet normal 0.000000 0.000000 0.000000
    outer loop
      vertex -0.100000 -0.100000 -0.800000
      vertex -0.080000 -0.160000 -0.010000
      vertex -0.080000 -0.160000 -0.800000
    endloop
  endfacet
  facet normal 0.000000 0.000000 0.000000
    outer loop
      vertex -0.160000 -0.080000 -0.010000
      vertex -0.100000 -0.100000 -0.010000
      vertex -0.100000 -0.100000 -0.800000
    endloop
  endfacet
  facet normal 0.000000 0.000000 0.000000
    outer loop
      vertex -0.160000 -0.080000 -0.010000
      vertex -0.100000 -0.100000 -0.800000
      vertex -0.160000 -0.080000 -0.800000
    endloop
  endfacet
  facet normal 0.000000 0.000000 0.000000
    outer loop
      vertex -0.160000 -0.080000 -0.800000
      vertex -0.224092 -0.080000 -0.800000
      vertex -0.224092 -0.080000 -0.010000
    endloop
  endfacet
  facet normal 0.000000 0.000000 0.000000
    outer loop
      vertex -0.160000 -0.080000 -0.800000
      vertex -0.224092 -0.080000 -0.010000
      vertex -0.160000 -0.080000 -0.010000
    endloop
  endfacet
  facet normal 0.000000 0.000000 0.000000
    outer loop
      vertex -0.224092 -0.080000 -0.010000
      vertex -0.224092 -0.080000 -0.800000
      vertex -0.240000 0.000000 -0.800000
    endloop
  endfacet
  facet normal 0.000000 0.000000 0.000000
    outer loop
      vertex -0.224092 -0.080000 -0.010000
      vertex -0.240000 0.000000 -0.800000
      vertex -0.240000 0.000000 -0.010000
    endloop
  endfacet
  facet normal 0.000000 0.000000 0.000000
    outer loop
      vertex -0.240000 0.000000 -0.010000
      vertex -0.240000 0.000000 -0.800000
      vertex -0.221736 0.091848 -0.800000
    endloop
  endfacet
  facet normal 0.000000 0.000000 0.000000
    outer loop
      vertex -0.240000 0.000000 -0.010000
      vertex -0.221736 0.091848 -0.800000
      vertex -0.221736 0.091848 -0.010000
    endloop
  endfacet
  facet normal 0.000000 0.000000 0.000000
    outer loop
      vertex -0.221736 0.091848 -0.010000
      vertex -0.221736 0.091848 -0.800000
      vertex -0.189264 0.140460 -0.800000
    endloop
  endfacet
  facet normal 0.000000 0.000000 0.000000
    outer loop
      vertex -0.221736 0.091848 -0.010000
      vertex -0.189264 0.140460 -0.800000
      vertex -0.189264 0.140460 -0.010000
    endloop
  endfacet
  facet normal 0.000000 0.000000 0.000000
    outer loop
      vertex -0.189264 0.140460 -0.800000
      vertex -0.120920 0.093028 -0.800000
      vertex -0.120920 0.093028 -0.010000
    endloop
  endfacet
  facet normal 0.000000 0.000000 0.000000
    outer loop
      vertex -0.189264 0.140460 -0.800000
      vertex -0.120920 0.093028 -0.010000
      vertex -0.189264 0.140460 -0.010000
    endloop
  endfacet
  facet normal 0.000000 0.000000 0.000000
    outer loop
      vertex -0.120920 0.093028 -0.010000
      vertex -0.120920 0.093028 -0.800000
      vertex -0.100000 0.100000 -0.800000
    endloop
  endfacet
  facet normal 0.000000 0.000000 0.000000
    outer loop
      vertex -0.120920 0.093028 -0.010000
      vertex -0.100000 0.100000 -0.800000
      vertex -0.100000 0.100000 -0.010000
    endloop
  endfacet
  facet normal 0.000000 0.000000 0.000000
    outer loop
      vertex -0.093028 0.120920 -0.800000
      vertex -0.093028 0.120920 -0.010000
      vertex -0.100000 0.100000 -0.010000
    endloop
  endfacet
  facet normal 0.000000 0.000000 0.000000
    outer loop
      vertex -0.093028 0.120920 -0.800000
      vertex -0.100000 0.100000 -0.010000
      vertex -0.100000 0.100000 -0.800000
    endloop
  endfacet
  facet normal 0.000000 0.000000 0.000000
    outer loop
      vertex -0.140460 0.189264 -0.010000
      vertex -0.093028 0.120920 -0.010000
      vertex -0.093028 0.120920 -0.800000
    endloop
  endfacet
  facet normal 0.000000 0.000000 0.000000
    outer loop
      vertex -0.140460 0.189264 -0.010000
      vertex -0.093028 0.120920 -0.800000
      vertex -0.140460 0.189264 -0.800000
    endloop
  endfacet
  facet normal 0.000000 0.000000 0.000000
    outer loop
      vertex -0.140460 0.189264 -0.010000
      vertex -0.140460 0.189264 -0.800000
      vertex -0.091848 0.221736 -0.800000
    endloop
  endfacet
  facet normal 0.000000 0.000000 0.000000
    outer loop
      vertex -0.140460 0.189264 -0.010000
      vertex -0.091848 0.221736 -0.800000
      vertex -0.091848 0.221736 -0.010000
    endloop
  endfacet
  facet normal 0.000000 0.000000 0.000000
    outer loop
      vertex -0.091848 0.221736 -0.010000
      vertex -0.091848 0.221736 -0.800000
      vertex 0.000000 0.240000 -0.800000
    endloop
  endfacet
  facet normal 0.000000 0.000000 0.000000
    outer loop
      vertex -0.091848 0.221736 -0.010000
      vertex 0.000000 0.240000 -0.800000
      vertex 0.000000 0.240000 -0.010000
    endloop
  endfacet
  facet normal 0.000000 0.000000 0.000000
    outer loop
      vertex 0.080000 0.224092 -0.010000
      vertex 0.000000 0.240000 -0.010000
      vertex 0.000000 0.240000 -0.800000
    endloop
  endfacet
  facet normal 0.000000 0.000000 0.000000
    outer loop
      vertex 0.080000 0.224092 -0.010000
      vertex 0.000000 0.240000 -0.800000
      vertex 0.080000 0.224092 -0.800000
    endloop
  endfacet
  facet normal 0.000000 0.000000 0.000000
    outer loop
      vertex 0.080000 0.160000 -0.800000
      vertex 0.080000 0.160000 -0.010000
      vertex 0.080000 0.224092 -0.010000
    endloop
  endfacet
  facet normal 0.000000 0.000000 0.000000
    outer loop
      vertex 0.080000 0.160000 -0.800000
      vertex 0.080000 0.224092 -0.010000
      vertex 0.080000 0.224092 -0.800000
    endloop
  endfacet
  facet normal 0.000000 0.000000 0.000000
    outer loop
      vertex 0.100000 0.100000 -0.800000
      vertex 0.100000 0.100000 -0.010000
      vertex 0.080000 0.160000 -0.010000
    endloop
  endfacet
  facet normal 0.000000 0.000000 0.000000
    outer loop
      vertex 0.100000 0.100000 -0.800000
      vertex 0.080000 0.160000 -0.010000
      vertex 0.080000 0.160000 -0.800000
    endloop
  endfacet
  facet normal 0.000000 0.000000 0.000000
    outer loop
      vertex 0.160000 0.080000 -0.010000
      vertex 0.100000 0.100000 -0.010000
      vertex 0.100000 0.100000 -0.800000
    endloop
  endfacet
  facet normal 0.000000 0.000000 0.000000
    outer loop
      vertex 0.160000 0.080000 -0.010000
      vertex 0.100000 0.100000 -0.800000
      vertex 0.160000 0.080000 -0.800000
    endloop
  endfacet
  facet normal 0.000000 0.000000 0.000000
    outer loop
      vertex 0.160000 0.080000 -0.800000
      vertex 0.224092 0.080000 -0.800000
      vertex 0.224092 0.080000 -0.010000
    endloop
  endfacet
  facet normal 0.000000 0.000000 0.000000
    outer loop
      vertex 0.160000 0.080000 -0.800000
      vertex 0.224092 0.080000 -0.010000
      vertex 0.160000 0.080000 -0.010000
    endloop
  endfacet
  facet normal 0.000000 0.000000 0.000000
    outer loop
      vertex 0.224092 0.080000 -0.010000
      vertex 0.224092 0.080000 -0.800000
      vertex 0.240000 0.000000 -0.800000
    endloop
  endfacet
  facet normal 0.000000 0.000000 0.000000
    outer loop
      vertex 0.224092 0.080000 -0.010000
      vertex 0.240000 0.000000 -0.800000
      vertex 0.240000 0.000000 -0.010000
    endloop
  endfacet
  facet normal 0.000000 0.000000 0.000000
    outer loop
      vertex 0.100000 -0.100000 -0.800000
      vertex 0.169704 -0.169704 -0.800000
      vertex 0.140460 -0.189264 -0.800000
    endloop
  endfacet
  facet normal 0.000000 0.000000 0.000000
    outer loop
      vertex 0.100000 -0.100000 -0.800000
      vertex 0.140460 -0.189264 -0.800000
      vertex 0.093028 -0.120920 -0.800000
    endloop
  endfacet
  facet normal 0.000000 0.000000 0.000000
    outer loop
      vertex 0.169704 -0.169704 -0.800000
      vertex 0.100000 -0.100000 -0.800000
      vertex 0.120920 -0.093028 -0.800000
    endloop
  endfacet
