solid MYSOLID created by LDView, original data in 878.dat
  facet normal 0.000000 0.000000 0.000000
    outer loop
      vertex -0.000000 -0.240000 0.000000
      vertex 0.091844 -0.221731 0.000000
      vertex 0.000000 -0.221731 0.091844
    endloop
  endfacet
  facet normal 0.000000 0.000000 0.000000
    outer loop
      vertex 0.091844 -0.221731 0.000000
      vertex 0.105437 -0.188059 0.105437
      vertex 0.000000 -0.221731 0.091844
    endloop
  endfacet
  facet normal 0.000000 0.000000 0.000000
    outer loop
      vertex 0.000000 -0.221731 0.091844
      vertex 0.105437 -0.188059 0.105437
      vertex 0.000000 -0.169706 0.169706
    endloop
  endfacet
  facet normal 0.000000 0.000000 0.000000
    outer loop
      vertex 0.105437 -0.188059 0.105437
      vertex 0.105437 -0.105437 0.188059
      vertex 0.000000 -0.169706 0.169706
    endloop
  endfacet
  facet normal 0.000000 0.000000 0.000000
    outer loop
      vertex 0.000000 -0.169706 0.169706
      vertex 0.105437 -0.105437 0.188059
      vertex 0.000000 -0.091844 0.221731
    endloop
  endfacet
  facet normal 0.000000 0.000000 0.000000
    outer loop
      vertex 0.105437 -0.105437 0.188059
      vertex 0.091844 0.000000 0.221731
      vertex 0.000000 -0.091844 0.221731
    endloop
  endfacet
  facet normal 0.000000 0.000000 0.000000
    outer loop
      vertex 0.000000 -0.091844 0.221731
      vertex 0.091844 0.000000 0.221731
      vertex 0.000000 0.000000 0.240000
    endloop
  endfacet
  facet normal 0.000000 0.000000 0.000000
    outer loop
      vertex 0.091844 -0.221731 0.000000
      vertex 0.169706 -0.169706 0.000000
      vertex 0.105437 -0.188059 0.105437
    endloop
  endfacet
  facet normal 0.000000 0.000000 0.000000
    outer loop
      vertex 0.169706 -0.169706 0.000000
      vertex 0.188059 -0.105437 0.105437
      vertex 0.105437 -0.188059 0.105437
    endloop
  endfacet
  facet normal 0.000000 0.000000 0.000000
    outer loop
      vertex 0.105437 -0.188059 0.105437
      vertex 0.188059 -0.105437 0.105437
      vertex 0.105437 -0.105437 0.188059
    endloop
  endfacet
  facet normal 0.000000 0.000000 0.000000
    outer loop
      vertex 0.188059 -0.105437 0.105437
      vertex 0.169706 0.000000 0.169706
      vertex 0.105437 -0.105437 0.188059
    endloop
  endfacet
  facet normal 0.000000 0.000000 0.000000
    outer loop
      vertex 0.105437 -0.105437 0.188059
      vertex 0.169706 0.000000 0.169706
      vertex 0.091844 0.000000 0.221731
    endloop
  endfacet
  facet normal 0.000000 0.000000 0.000000
    outer loop
      vertex 0.169706 -0.169706 0.000000
      vertex 0.221731 -0.091844 0.000000
      vertex 0.188059 -0.105437 0.105437
    endloop
  endfacet
  facet normal 0.000000 0.000000 0.000000
    outer loop
      vertex 0.221731 -0.091844 0.000000
      vertex 0.221731 0.000000 0.091844
      vertex 0.188059 -0.105437 0.105437
    endloop
  endfacet
  facet normal 0.000000 0.000000 0.000000
    outer loop
      vertex 0.188059 -0.105437 0.105437
      vertex 0.221731 0.000000 0.091844
      vertex 0.169706 0.000000 0.169706
    endloop
  endfacet
  facet normal 0.000000 0.000000 0.000000
    outer loop
      vertex 0.221731 -0.091844 0.000000
      vertex 0.240000 0.000000 -0.000000
      vertex 0.221731 0.000000 0.091844
    endloop
  endfacet
  facet normal 0.000000 0.000000 0.000000
    outer loop
      vertex 0.221731 0.000000 -0.091844
      vertex 0.240000 0.000000 0.000000
      vertex 0.221731 -0.091844 0.000000
    endloop
  endfacet
  facet normal 0.000000 0.000000 0.000000
    outer loop
      vertex 0.169706 0.000000 -0.169706
      vertex 0.221731 0.000000 -0.091844
      vertex 0.188059 -0.105437 -0.105437
    endloop
  endfacet
  facet normal 0.000000 0.000000 0.000000
    outer loop
      vertex 0.188059 -0.105437 -0.105437
      vertex 0.221731 0.000000 -0.091844
      vertex 0.221731 -0.091844 0.000000
    endloop
  endfacet
  facet normal 0.000000 0.000000 0.000000
    outer loop
      vertex 0.188059 -0.105437 -0.105437
      vertex 0.221731 -0.091844 0.000000
      vertex 0.169706 -0.169706 0.000000
    endloop
  endfacet
  facet normal 0.000000 0.000000 0.000000
    outer loop
      vertex 0.091844 0.000000 -0.221731
      vertex 0.169706 0.000000 -0.169706
      vertex 0.105437 -0.105437 -0.188059
    endloop
  endfacet
  facet normal 0.000000 0.000000 0.000000
    outer loop
      vertex 0.105437 -0.105437 -0.188059
      vertex 0.169706 0.000000 -0.169706
      vertex 0.188059 -0.105437 -0.105437
    endloop
  endfacet
  facet normal 0.000000 0.000000 0.000000
    outer loop
      vertex 0.105437 -0.105437 -0.188059
      vertex 0.188059 -0.105437 -0.105437
      vertex 0.105437 -0.188059 -0.105437
    endloop
  endfacet
  facet normal 0.000000 0.000000 0.000000
    outer loop
      vertex 0.105437 -0.188059 -0.105437
      vertex 0.188059 -0.105437 -0.105437
      vertex 0.169706 -0.169706 0.000000
    endloop
  endfacet
  facet normal 0.000000 0.000000 0.000000
    outer loop
      vertex 0.105437 -0.188059 -0.105437
      vertex 0.169706 -0.169706 0.000000
      vertex 0.091844 -0.221731 0.000000
    endloop
  endfacet
  facet normal 0.000000 0.000000 0.000000
    outer loop
      vertex 0.000000 0.000000 -0.240000
      vertex 0.091844 0.000000 -0.221731
      vertex 0.000000 -0.091844 -0.221731
    endloop
  endfacet
  facet normal 0.000000 0.000000 0.000000
    outer loop
      vertex 0.000000 -0.091844 -0.221731
      vertex 0.091844 0.000000 -0.221731
      vertex 0.105437 -0.105437 -0.188059
    endloop
  endfacet
  facet normal 0.000000 0.000000 0.000000
    outer loop
      vertex 0.000000 -0.091844 -0.221731
      vertex 0.105437 -0.105437 -0.188059
      vertex 0.000000 -0.169706 -0.169706
    endloop
  endfacet
  facet normal 0.000000 0.000000 0.000000
    outer loop
      vertex 0.000000 -0.169706 -0.169706
      vertex 0.105437 -0.105437 -0.188059
      vertex 0.105437 -0.188059 -0.105437
    endloop
  endfacet
  facet normal 0.000000 0.000000 0.000000
    outer loop
      vertex 0.000000 -0.169706 -0.169706
      vertex 0.105437 -0.188059 -0.105437
      vertex 0.000000 -0.221731 -0.091844
    endloop
  endfacet
  facet normal 0.000000 0.000000 0.000000
    outer loop
      vertex 0.000000 -0.221731 -0.091844
      vertex 0.105437 -0.188059 -0.105437
      vertex 0.091844 -0.221731 0.000000
    endloop
  endfacet
  facet normal 0.000000 0.000000 0.000000
    outer loop
      vertex 0.000000 -0.221731 -0.091844
      vertex 0.091844 -0.221731 0.000000
      vertex -0.000000 -0.240000 0.000000
    endloop
  endfacet
  facet normal 0.000000 0.000000 0.000000
    outer loop
      vertex 0.221731 0.000000 0.091844
      vertex 0.240000 0.000000 -0.000000
      vertex 0.221731 0.091844 0.000000
    endloop
  endfacet
  facet normal 0.000000 0.000000 0.000000
    outer loop
      vertex 0.169706 0.000000 0.169706
      vertex 0.221731 0.000000 0.091844
      vertex 0.188059 0.105437 0.105437
    endloop
  endfacet
  facet normal 0.000000 0.000000 0.000000
    outer loop
      vertex 0.188059 0.105437 0.105437
      vertex 0.221731 0.000000 0.091844
      vertex 0.221731 0.091844 0.000000
    endloop
  endfacet
  facet normal 0.000000 0.000000 0.000000
    outer loop
      vertex 0.188059 0.105437 0.105437
      vertex 0.221731 0.091844 0.000000
      vertex 0.169706 0.169706 0.000000
    endloop
  endfacet
  facet normal 0.000000 0.000000 0.000000
    outer loop
      vertex 0.091844 0.000000 0.221731
      vertex 0.169706 0.000000 0.169706
      vertex 0.105437 0.105437 0.188059
    endloop
  endfacet
  facet normal 0.000000 0.000000 0.000000
    outer loop
      vertex 0.105437 0.105437 0.188059
      vertex 0.169706 0.000000 0.169706
      vertex 0.188059 0.105437 0.105437
    endloop
  endfacet
  facet normal 0.000000 0.000000 0.000000
    outer loop
      vertex 0.105437 0.105437 0.188059
      vertex 0.188059 0.105437 0.105437
      vertex 0.105437 0.188059 0.105437
    endloop
  endfacet
  facet normal 0.000000 0.000000 0.000000
    outer loop
      vertex 0.105437 0.188059 0.105437
      vertex 0.188059 0.105437 0.105437
      vertex 0.169706 0.169706 0.000000
    endloop
  endfacet
  facet normal 0.000000 0.000000 0.000000
    outer loop
      vertex 0.105437 0.188059 0.105437
      vertex 0.169706 0.169706 0.000000
      vertex 0.091844 0.221731 0.000000
    endloop
  endfacet
  facet normal 0.000000 0.000000 0.000000
    outer loop
      vertex 0.000000 0.000000 0.240000
      vertex 0.091844 0.000000 0.221731
      vertex 0.000000 0.091844 0.221731
    endloop
  endfacet
  facet normal 0.000000 0.000000 0.000000
    outer loop
      vertex 0.000000 0.091844 0.221731
      vertex 0.091844 0.000000 0.221731
      vertex 0.105437 0.105437 0.188059
    endloop
  endfacet
  facet normal 0.000000 0.000000 0.000000
    outer loop
      vertex 0.000000 0.091844 0.221731
      vertex 0.105437 0.105437 0.188059
      vertex 0.000000 0.169706 0.169706
    endloop
  endfacet
  facet normal 0.000000 0.000000 0.000000
    outer loop
      vertex 0.000000 0.169706 0.169706
      vertex 0.105437 0.105437 0.188059
      vertex 0.105437 0.188059 0.105437
    endloop
  endfacet
  facet normal 0.000000 0.000000 0.000000
    outer loop
      vertex 0.000000 0.169706 0.169706
      vertex 0.105437 0.188059 0.105437
      vertex 0.000000 0.221731 0.091844
    endloop
  endfacet
  facet normal 0.000000 0.000000 0.000000
    outer loop
      vertex 0.000000 0.221731 0.091844
      vertex 0.105437 0.188059 0.105437
      vertex 0.091844 0.221731 0.000000
    endloop
  endfacet
  facet normal 0.000000 0.000000 0.000000
    outer loop
      vertex 0.000000 0.221731 0.091844
      vertex 0.091844 0.221731 0.000000
      vertex -0.000000 0.240000 0.000000
    endloop
  endfacet
  facet normal 0.000000 0.000000 0.000000
    outer loop
      vertex -0.000000 0.240000 0.000000
      vertex 0.091844 0.221731 0.000000
      vertex 0.000000 0.221731 -0.091844
    endloop
  endfacet
  facet normal 0.000000 0.000000 0.000000
    outer loop
      vertex 0.091844 0.221731 0.000000
      vertex 0.105437 0.188059 -0.105437
      vertex 0.000000 0.221731 -0.091844
    endloop
  endfacet
  facet normal 0.000000 0.000000 0.000000
    outer loop
      vertex 0.000000 0.221731 -0.091844
      vertex 0.105437 0.188059 -0.105437
      vertex 0.000000 0.169706 -0.169706
    endloop
  endfacet
  facet normal 0.000000 0.000000 0.000000
    outer loop
      vertex 0.105437 0.188059 -0.105437
      vertex 0.105437 0.105437 -0.188059
      vertex 0.000000 0.169706 -0.169706
    endloop
  endfacet
  facet normal 0.000000 0.000000 0.000000
    outer loop
      vertex 0.000000 0.169706 -0.169706
      vertex 0.105437 0.105437 -0.188059
      vertex 0.000000 0.091844 -0.221731
    endloop
  endfacet
  facet normal 0.000000 0.000000 0.000000
    outer loop
      vertex 0.105437 0.105437 -0.188059
      vertex 0.091844 0.000000 -0.221731
      vertex 0.000000 0.091844 -0.221731
    endloop
  endfacet
  facet normal 0.000000 0.000000 0.000000
    outer loop
      vertex 0.000000 0.091844 -0.221731
      vertex 0.091844 0.000000 -0.221731
      vertex 0.000000 0.000000 -0.240000
    endloop
  endfacet
  facet normal 0.000000 0.000000 0.000000
    outer loop
      vertex 0.091844 0.221731 0.000000
      vertex 0.169706 0.169706 0.000000
      vertex 0.105437 0.188059 -0.105437
    endloop
  endfacet
  facet normal 0.000000 0.000000 0.000000
    outer loop
      vertex 0.169706 0.169706 0.000000
      vertex 0.188059 0.105437 -0.105437
      vertex 0.105437 0.188059 -0.105437
    endloop
  endfacet
  facet normal 0.000000 0.000000 0.000000
    outer loop
      vertex 0.105437 0.188059 -0.105437
      vertex 0.188059 0.105437 -0.105437
      vertex 0.105437 0.105437 -0.188059
    endloop
  endfacet
  facet normal 0.000000 0.000000 0.000000
    outer loop
      vertex 0.188059 0.105437 -0.105437
      vertex 0.169706 0.000000 -0.169706
      vertex 0.105437 0.105437 -0.188059
    endloop
  endfacet
  facet normal 0.000000 0.000000 0.000000
    outer loop
      vertex 0.105437 0.105437 -0.188059
      vertex 0.169706 0.000000 -0.169706
      vertex 0.091844 0.000000 -0.221731
    endloop
  endfacet
  facet normal 0.000000 0.000000 0.000000
    outer loop
      vertex 0.169706 0.169706 0.000000
      vertex 0.221731 0.091844 0.000000
      vertex 0.188059 0.105437 -0.105437
    endloop
  endfacet
  facet normal 0.000000 0.000000 0.000000
    outer loop
      vertex 0.221731 0.091844 0.000000
      vertex 0.221731 0.000000 -0.091844
      vertex 0.188059 0.105437 -0.105437
    endloop
  endfacet
  facet normal 0.000000 0.000000 0.000000
    outer loop
      vertex 0.188059 0.105437 -0.105437
      vertex 0.221731 0.000000 -0.091844
      vertex 0.169706 0.000000 -0.169706
    endloop
  endfacet
  facet normal 0.000000 0.000000 0.000000
    outer loop
      vertex 0.221731 0.091844 0.000000
      vertex 0.240000 0.000000 0.000000
      vertex 0.221731 0.000000 -0.091844
    endloop
  endfacet
  facet normal 0.000000 0.000000 0.000000
    outer loop
      vertex 0.000000 -0.240000 -0.000000
      vertex 0.000000 -0.221731 0.091844
      vertex 0.000000 0.000000 0.000000
    endloop
  endfacet
  facet normal 0.000000 0.000000 0.000000
    outer loop
      vertex 0.000000 -0.221731 0.091844
      vertex 0.000000 -0.169706 0.169706
      vertex 0.000000 0.000000 0.000000
    endloop
  endfacet
  facet normal 0.000000 0.000000 0.000000
    outer loop
      vertex 0.000000 -0.169706 0.169706
      vertex 0.000000 -0.091844 0.221731
      vertex 0.000000 0.000000 0.000000
    endloop
  endfacet
  facet normal 0.000000 0.000000 0.000000
    outer loop
      vertex 0.000000 -0.091844 0.221731
      vertex 0.000000 -0.000000 0.240000
      vertex 0.000000 0.000000 0.000000
    endloop
  endfacet
  facet normal 0.000000 0.000000 0.000000
    outer loop
      vertex 0.000000 -0.000000 0.240000
      vertex 0.000000 0.091844 0.221731
      vertex 0.000000 0.000000 0.000000
    endloop
  endfacet
  facet normal 0.000000 0.000000 0.000000
    outer loop
      vertex 0.000000 0.091844 0.221731
      vertex 0.000000 0.169706 0.169706
      vertex 0.000000 0.000000 0.000000
    endloop
  endfacet
  facet normal 0.000000 0.000000 0.000000
    outer loop
      vertex 0.000000 0.169706 0.169706
      vertex 0.000000 0.221731 0.091844
      vertex 0.000000 0.000000 0.000000
    endloop
  endfacet
  facet normal 0.000000 0.000000 0.000000
    outer loop
      vertex 0.000000 0.221731 0.091844
      vertex 0.000000 0.240000 0.000000
      vertex 0.000000 0.000000 0.000000
    endloop
  endfacet
  facet normal 0.000000 0.000000 0.000000
    outer loop
      vertex 0.000000 0.240000 0.000000
      vertex 0.000000 0.221731 -0.091844
      vertex 0.000000 0.000000 0.000000
    endloop
  endfacet
  facet normal 0.000000 0.000000 0.000000
    outer loop
      vertex 0.000000 0.221731 -0.091844
      vertex 0.000000 0.169706 -0.169706
      vertex 0.000000 0.000000 0.000000
    endloop
  endfacet
  facet normal 0.000000 0.000000 0.000000
    outer loop
      vertex 0.000000 0.169706 -0.169706
      vertex 0.000000 0.091844 -0.221731
      vertex 0.000000 0.000000 0.000000
    endloop
  endfacet
  facet normal 0.000000 0.000000 0.000000
    outer loop
      vertex 0.000000 0.091844 -0.221731
      vertex 0.000000 0.000000 -0.240000
      vertex 0.000000 0.000000 0.000000
    endloop
  endfacet
  facet normal 0.000000 0.000000 0.000000
    outer loop
      vertex 0.000000 0.000000 -0.240000
      vertex 0.000000 -0.091844 -0.221731
      vertex 0.000000 0.000000 0.000000
    endloop
  endfacet
  facet normal 0.000000 0.000000 0.000000
    outer loop
      vertex 0.000000 -0.091844 -0.221731
      vertex 0.000000 -0.169706 -0.169706
      vertex 0.000000 0.000000 0.000000
    endloop
  endfacet
  facet normal 0.000000 0.000000 0.000000
    outer loop
      vertex 0.000000 -0.169706 -0.169706
      vertex 0.000000 -0.221731 -0.091844
      vertex 0.000000 0.000000 0.000000
    endloop
  endfacet
  facet normal 0.000000 0.000000 0.000000
    outer loop
      vertex 0.000000 -0.221731 -0.091844
      vertex 0.000000 -0.240000 0.000000
      vertex 0.000000 0.000000 0.000000
    endloop
  endfacet
  facet normal 0.000000 0.000000 0.000000
    outer loop
      vertex 0.202000 0.060000 -0.040000
      vertex 0.082000 0.060000 -0.440000
      vertex -0.078000 0.060000 -0.440000
    endloop
  endfacet
  facet normal 0.000000 0.000000 0.000000
    outer loop
      vertex 0.202000 0.060000 -0.040000
      vertex -0.078000 0.060000 -0.440000
      vertex -0.078000 0.060000 -0.040000
    endloop
  endfacet
  facet normal 0.000000 0.000000 0.000000
    outer loop
      vertex 0.202000 -0.060000 -0.040000
      vertex -0.078000 -0.060000 -0.040000
      vertex -0.078000 -0.060000 -0.440000
    endloop
  endfacet
  facet normal 0.000000 0.000000 0.000000
    outer loop
      vertex 0.202000 -0.060000 -0.040000
      vertex -0.078000 -0.060000 -0.440000
      vertex 0.082000 -0.060000 -0.440000
    endloop
  endfacet
  facet normal 0.000000 0.000000 0.000000
    outer loop
      vertex 0.202000 0.060000 -0.040000
      vertex -0.078000 0.060000 -0.040000
      vertex -0.078000 -0.060000 -0.040000
    endloop
  endfacet
  facet normal 0.000000 0.000000 0.000000
    outer loop
      vertex 0.202000 0.060000 -0.040000
      vertex -0.078000 -0.060000 -0.040000
      vertex 0.202000 -0.060000 -0.040000
    endloop
  endfacet
  facet normal 0.000000 0.000000 0.000000
    outer loop
      vertex -0.078000 0.060000 -0.040000
      vertex -0.078000 0.060000 -0.440000
      vertex -0.078000 -0.060000 -0.440000
    endloop
  endfacet
  facet normal 0.000000 0.000000 0.000000
    outer loop
      vertex -0.078000 0.060000 -0.040000
      vertex -0.078000 -0.060000 -0.440000
      vertex -0.078000 -0.060000 -0.040000
    endloop
  endfacet
  facet normal 0.000000 0.000000 0.000000
    outer loop
      vertex -0.078000 0.060000 -0.440000
      vertex 0.082000 0.060000 -0.440000
      vertex 0.082000 -0.060000 -0.440000
    endloop
  endfacet
  facet normal 0.000000 0.000000 0.000000
    outer loop
      vertex -0.078000 0.060000 -0.440000
      vertex 0.082000 -0.060000 -0.440000
      vertex -0.078000 -0.060000 -0.440000
    endloop
  endfacet
  facet normal 0.000000 0.000000 0.000000
    outer loop
      vertex 0.082000 0.060000 -0.440000
      vertex 0.202000 0.060000 -0.040000
      vertex 0.202000 -0.060000 -0.040000
    endloop
  endfacet
  facet normal 0.000000 0.000000 0.000000
    outer loop
      vertex 0.082000 0.060000 -0.440000
      vertex 0.202000 -0.060000 -0.040000
      vertex 0.082000 -0.060000 -0.440000
    endloop
  endfacet
  facet normal 0.000000 0.000000 0.000000
    outer loop
      vertex 0.202000 -0.060000 0.040000
      vertex 0.082000 -0.060000 0.440000
      vertex -0.078000 -0.060000 0.440000
    endloop
  endfacet
  facet normal 0.000000 0.000000 0.000000
    outer loop
      vertex 0.202000 -0.060000 0.040000
      vertex -0.078000 -0.060000 0.440000
      vertex -0.078000 -0.060000 0.040000
    endloop
  endfacet
  facet normal 0.000000 0.000000 0.000000
    outer loop
      vertex 0.202000 0.060000 0.040000
      vertex -0.078000 0.060000 0.040000
      vertex -0.078000 0.060000 0.440000
    endloop
  endfacet
  facet normal 0.000000 0.000000 0.000000
    outer loop
      vertex 0.202000 0.060000 0.040000
      vertex -0.078000 0.060000 0.440000
      vertex 0.082000 0.060000 0.440000
    endloop
  endfacet
  facet normal 0.000000 0.000000 0.000000
    outer loop
      vertex 0.202000 -0.060000 0.040000
      vertex -0.078000 -0.060000 0.040000
      vertex -0.078000 0.060000 0.040000
    endloop
  endfacet
  facet normal 0.000000 0.000000 0.000000
    outer loop
      vertex 0.202000 -0.060000 0.040000
      vertex -0.078000 0.060000 0.040000
      vertex 0.202000 0.060000 0.040000
    endloop
  endfacet
  facet normal 0.000000 0.000000 0.000000
    outer loop
      vertex -0.078000 -0.060000 0.040000
      vertex -0.078000 -0.060000 0.440000
      vertex -0.078000 0.060000 0.440000
    endloop
  endfacet
  facet normal 0.000000 0.000000 0.000000
    outer loop
      vertex -0.078000 -0.060000 0.040000
      vertex -0.078000 0.060000 0.440000
      vertex -0.078000 0.060000 0.040000
    endloop
  endfacet
  facet normal 0.000000 0.000000 0.000000
    outer loop
      vertex -0.078000 -0.060000 0.440000
      vertex 0.082000 -0.060000 0.440000
      vertex 0.082000 0.060000 0.440000
    endloop
  endfacet
  facet normal 0.000000 0.000000 0.000000
    outer loop
      vertex -0.078000 -0.060000 0.440000
      vertex 0.082000 0.060000 0.440000
      vertex -0.078000 0.060000 0.440000
    endloop
  endfacet
  facet normal 0.000000 0.000000 0.000000
    outer loop
      vertex 0.082000 -0.060000 0.440000
      vertex 0.202000 -0.060000 0.040000
      vertex 0.202000 0.060000 0.040000
    endloop
  endfacet
  facet normal 0.000000 0.000000 0.000000
    outer loop
      vertex 0.082000 -0.060000 0.440000
      vertex 0.202000 0.060000 0.040000
      vertex 0.082000 0.060000 0.440000
    endloop
  endfacet
endsolid MYSOLID
